2
4278
       9.278   6.439
       9.972   5.842
       8.084   5.811
       7.694   4.644
       8.455   4.023
       9.632   4.649
       6.670   2.462
       5.830   2.879
       4.497   2.474
       6.193   1.642
       4.000   1.668
       4.831   1.276
       2.518   1.312
       2.320   0.054
       9.747   7.655
       8.012   2.853
       3.235  -0.757
       1.145  -0.163
      11.791   6.797
       7.527   0.929
       6.657   4.104
       9.565   7.590
       7.890   5.702
      10.180   4.272
       6.815   4.233
       3.894   2.755
       4.468   0.744
       2.219   1.176
       1.984   2.052
     -27.279 -21.521
     -26.592 -20.811
     -26.829 -22.390
     -27.858 -21.622
     -28.145 -21.117
     -27.466 -21.036
     -28.608 -20.183
     -29.269 -22.106
     -29.747 -22.902
     -29.727 -22.052
     -29.520 -21.304
     -30.594 -23.118
     -31.281 -23.402
     -31.356 -22.564
     -32.038 -23.361
     -31.994 -21.703
     -30.459 -22.193
     -30.992 -22.070
     -29.766 -24.396
     -28.520 -24.326
     -30.448 -25.535
     -31.442 -25.584
     -29.789 -26.793
     -29.106 -27.093
     -30.769 -27.971
     -31.289 -27.882
     -30.201 -28.927
     -32.741 -27.054
     -32.860 -26.212
     -31.824 -28.065
     -33.528 -27.423
     -34.323 -26.797
     -33.184 -28.648
     -32.121 -29.071
     -31.635 -30.029
     -28.952 -26.584
     -27.827 -27.062
     -29.484 -25.828
     -30.414 -25.470
     -28.754 -25.442
     -28.446 -26.382
     -29.639 -24.710
     -30.353 -24.077
     -29.011 -24.009
     -30.429 -25.662
     -29.737 -26.338
     -31.103 -26.297
     -31.407 -24.738
     -30.166 -24.360
     -30.592 -23.769
     -29.343 -23.766
     -29.725 -25.286
     -27.526 -24.603
     -26.479 -24.956
     -27.699 -23.432
     -28.594 -23.025
     -26.598 -22.642
     -26.154 -22.138
     -27.099 -21.567
     -28.110 -21.869
     -26.448 -21.549
     -27.212 -20.147
     -26.323 -19.566
     -27.287 -20.141
     -28.425 -19.449
     -28.491 -19.270
     -29.348 -19.136
     -25.477 -23.476
     -24.312 -23.291
     -25.860 -24.347
     -26.817 -24.508
     -24.937 -25.142
     -24.204 -24.483
     -25.732 -25.889
     -26.580 -25.240
     -26.195 -26.804
     -24.980 -26.302
     -24.017 -26.770
     -24.785 -25.425
     -25.737 -27.385
     -26.932 -27.705
     -25.114 -27.936
     -24.173 -26.115
     -22.957 -26.258
     -24.884 -26.770
     -25.877 -26.702
     -24.243 -27.660
     -23.708 -28.413
     -25.280 -28.271
     -25.918 -27.434
     -24.773 -28.694
     -26.119 -29.246
     -25.512 -30.086
     -26.670 -28.794
     -27.382 -29.988
     -28.067 -28.375
     -28.899 -28.487
     -28.465 -27.848
     -27.293 -27.727
     -23.229 -26.961
     -22.163 -27.511
     -23.616 -25.788
     -24.523 -25.431
     -22.818 -24.915
     -22.462 -25.543
     -23.850 -23.768
     -24.469 -23.483
     -23.226 -22.407
     -24.024 -21.665
     -22.576 -21.983
     -22.618 -22.538
     -24.783 -24.464
     -25.534 -25.091
     -25.343 -23.683
     -23.994 -25.284
     -24.657 -25.730
     -23.230 -24.662
     -23.476 -26.111
     -21.548 -24.345
     -20.459 -24.155
     -21.734 -24.095
     -22.633 -24.248
     -20.666 -23.595
     -20.033 -22.923
     -21.218 -22.606
     -22.121 -23.090
     -20.486 -22.504
     -21.576 -21.288
     -20.655 -20.867
     -22.263 -21.502
     -22.304 -20.132
     -23.404 -20.196
     -22.097 -20.223
     -21.836 -18.753
     -20.901 -18.545
     -22.556 -17.846
     -23.816 -18.168
     -24.348 -17.530
     -24.103 -19.116
     -22.005 -16.620
     -22.555 -15.924
     -21.135 -16.405
     -19.752 -24.737
     -18.614 -24.474
     -20.168 -26.010
     -21.003 -26.304
     -19.384 -27.119
     -19.718 -27.139
     -19.868 -28.535
     -19.764 -29.230
     -20.949 -28.507
     -19.111 -29.066
     -19.324 -30.006
     -17.813 -26.939
     -17.209 -27.041
     -17.209 -26.611
     -17.776 -26.389
     -15.740 -26.539
     -15.285 -27.100
     -15.373 -27.234
     -16.301 -27.267
     -14.657 -26.590
     -14.798 -28.683
     -15.297 -27.695
     -15.892 -29.715
     -15.466 -30.738
     -16.458 -29.644
     -16.603 -29.568
     -13.831 -28.928
     -13.433 -29.965
     -14.352 -28.789
     -12.971 -28.225
     -15.135 -25.090
     -13.992 -24.858
     -15.969 -24.137
     -16.951 -24.308
     -15.609 -22.820
     -14.593 -22.583
     -16.680 -21.791
     -16.528 -21.597
     -17.690 -22.250
     -16.646 -20.443
     -16.074 -20.541
     -16.153 -19.663
     -18.014 -19.845
     -19.034 -20.535
     -18.013 -18.565
     -18.887 -18.186
     -17.167 -18.044
     -15.637 -22.963
     -16.143 -24.005
     -15.080 -21.995
     -14.253 -21.491
     -15.700 -21.584
     -16.778 -21.614
     -15.403 -22.487
     -14.371 -22.886
     -15.375 -21.861
     -16.384 -23.775
     -16.029 -24.666
     -16.388 -24.033
     -17.896 -23.610
     -18.499 -22.529
     -18.483 -24.693
     -19.434 -24.598
     -17.973 -25.542
     -15.301 -20.136
     -16.119 -19.357
     -14.093 -19.773
     -13.508 -20.484
     -13.582 -18.371
     -13.466 -17.975
     -12.249 -18.278
     -12.425 -18.669
     -11.966 -17.209
     -11.160 -19.087
     -11.102 -18.787
     -11.457 -20.160
      -9.861 -18.947
      -9.229 -19.843
     -10.010 -18.853
      -9.149 -17.752
      -9.324 -16.953
      -8.330 -17.681
      -8.116 -18.730
      -7.529 -18.642
      -8.681 -19.542
      -7.774 -16.518
      -7.102 -16.452
      -7.894 -15.794
     -14.627 -17.505
     -15.224 -17.940
     -14.888 -16.299
     -14.179 -15.772
     -14.770 -16.693
     -13.207 -15.805
     -15.939 -15.394
     -16.916 -15.816
     -15.712 -14.094
     -16.259 -14.188
     -16.058 -13.179
     -14.924 -14.613
     -15.037 -13.938
     -13.843 -14.724
     -15.805 -15.109
     -14.728 -14.774
     -16.899 -15.295
     -17.742 -15.647
     -16.985 -15.017
     -16.016 -15.146
     -18.133 -15.878
     -19.044 -15.768
     -18.401 -15.464
     -17.751 -17.380
     -17.079 -17.653
     -18.652 -18.023
     -16.976 -17.661
     -17.327 -16.989
     -16.124 -18.592
     -17.355 -13.554
     -17.868 -12.967
     -17.171 -12.973
     -16.462 -13.451
     -15.992 -13.430
     -16.082 -14.317
     -17.764 -11.637
     -17.323 -10.941
     -17.433 -11.250
     -16.414 -10.804
     -18.157 -10.527
     -16.171 -12.145
     -15.551 -11.729
     -16.510 -13.170
     -19.310 -11.663
     -20.001 -12.570
     -19.829 -10.620
     -19.279  -9.916
     -21.283 -10.388
     -21.738 -11.348
     -21.575  -9.211
     -22.679  -9.043
     -20.932  -8.022
     -21.130  -7.355
     -21.121  -9.560
     -21.442  -8.771
     -21.574 -10.520
     -20.016  -9.657
     -21.809  -9.934
     -21.052  -9.537
     -23.146  -9.968
     -24.260 -10.499
     -23.456 -11.236
     -24.643 -10.645
     -23.566  -9.392
     -23.235 -10.053
     -25.099  -9.628
     -25.300 -10.646
     -25.634  -8.882
     -25.366 -10.641
     -26.301 -11.218
     -25.409 -10.092
     -23.085  -7.920
     -22.818  -7.589
     -22.960  -7.067
     -23.129  -7.288
     -22.541  -5.641
     -23.062  -5.249
     -22.631  -4.806
     -22.222  -5.424
     -21.968  -3.916
     -24.051  -4.408
     -24.573  -4.170
     -24.592  -5.223
     -24.188  -3.101
     -25.404  -2.759
     -23.138  -2.439
     -21.054  -5.628
     -20.637  -4.943
     -20.297  -6.444
     -20.558  -6.960
     -18.886  -6.656
     -18.411  -5.684
     -18.150  -7.512
     -18.752  -8.434
     -17.193  -7.854
     -17.897  -6.757
     -17.108  -5.995
     -18.822  -6.263
     -17.396  -7.644
     -17.524  -8.934
     -16.877  -7.032
     -18.733  -7.241
     -17.842  -6.777
     -19.566  -8.248
     -20.230  -8.728
     -19.505  -8.690
     -18.499  -9.056
     -20.499  -9.875
     -21.433  -9.673
     -20.777  -9.898
     -19.917 -11.140
     -20.378 -12.015
     -21.249 -11.843
     -19.554 -13.131
     -19.677 -13.909
     -18.531 -12.994
     -18.751 -11.751
     -17.873 -11.395
     -17.978 -10.466
     -16.761 -12.333
     -16.071 -12.073
     -17.496 -13.940
     -17.402 -14.913
     -16.611 -13.550
     -15.784 -14.206
     -19.740  -7.550
     -19.037  -7.516
     -20.706  -6.649
     -21.319  -6.643
     -20.938  -5.473
     -21.112  -5.880
     -22.122  -4.601
     -21.952  -4.256
     -22.216  -3.710
     -23.503  -5.382
     -23.689  -6.294
     -24.443  -5.090
     -19.662  -4.603
     -19.218  -4.225
     -19.064  -4.313
     -19.401  -4.605
     -17.836  -3.521
     -18.052  -2.583
     -17.446  -3.459
     -18.393  -3.484
     -16.892  -4.385
     -16.652  -2.309
     -17.285  -3.160
     -17.468  -0.910
     -16.940  -0.054
     -17.554  -0.709
     -18.492  -0.964
     -16.478  -2.441
     -15.879  -1.593
     -17.453  -2.439
     -15.947  -3.386
     -16.659  -4.221
     -15.926  -3.592
     -16.537  -5.542
     -17.097  -6.017
     -15.591  -6.410
     -14.603  -6.018
     -15.626  -7.902
     -16.715  -8.127
     -15.026  -8.952
     -15.193 -10.001
     -15.526  -8.816
     -13.934  -8.802
     -14.962  -7.946
     -13.857  -8.022
     -15.180  -6.989
     -15.427  -9.085
     -14.944  -8.991
     -16.528  -9.050
     -15.156 -10.077
     -15.798  -6.320
     -14.855  -6.074
     -17.040  -6.511
     -17.802  -6.702
     -17.378  -6.458
     -16.786  -7.226
     -18.875  -6.891
     -18.991  -7.944
     -19.526  -6.271
     -18.888  -7.637
     -18.311  -8.445
     -19.323  -6.778
     -19.444  -7.300
     -19.320  -7.866
     -20.152  -6.205
     -20.143  -5.886
     -20.684  -5.045
     -17.041  -5.083
     -16.455  -5.027
     -17.461  -3.989
     -18.015  -3.992
     -17.120  -2.666
     -17.522  -2.618
     -17.908  -1.515
     -17.694  -1.708
     -17.425  -0.160
     -17.856   0.634
     -16.320  -0.090
     -17.718   0.049
     -19.461  -1.675
     -19.776  -2.691
     -19.981  -0.942
     -19.995  -1.449
     -21.104  -1.526
     -19.711  -0.440
     -19.586  -2.208
     -15.588  -2.413
     -15.124  -1.974
     -14.831  -2.726
     -15.194  -3.114
     -13.394  -2.521
     -13.140  -1.494
     -12.755  -2.862
     -13.172  -2.192
     -12.978  -3.911
     -11.652  -2.726
     -12.795  -3.377
     -11.924  -2.910
     -13.184  -4.657
     -13.867  -5.057
     -12.641  -5.581
     -11.576  -5.612
     -13.211  -7.031
     -14.312  -6.946
     -13.001  -7.498
     -13.358  -8.393
     -12.547  -8.022
     -13.047  -9.013
     -12.635  -7.622
     -11.469  -8.171
     -12.825  -5.046
     -11.890  -5.076
     -14.040  -4.629
     -14.819  -4.670
     -14.353  -4.066
     -14.030  -4.791
     -15.893  -3.963
     -16.304  -3.311
     -16.116  -3.443
     -16.568  -5.447
     -16.420  -5.881
     -17.652  -5.399
     -15.889  -6.450
     -15.724  -6.108
     -15.425  -7.531
     -13.618  -2.737
     -13.232  -2.488
     -13.418  -1.929
     -13.723  -2.185
     -12.747  -0.624
     -13.149   0.002
     -12.841   0.190
     -13.904   0.433
     -12.446  -0.402
     -12.276   1.145
     -11.265  -0.941
     -10.730  -0.284
     -10.660  -1.943
     -11.112  -2.421
      -9.317  -2.414
      -8.661  -1.553
      -8.740  -3.346
      -8.646  -2.767
      -9.457  -4.172
      -6.318  -3.109
      -6.275  -2.112
      -7.392  -3.913
      -5.285  -3.862
      -4.300  -3.464
      -5.677  -5.130
      -6.969  -5.191
      -7.501  -6.123
      -9.226  -3.017
      -8.375  -2.589
     -10.149  -3.925
     -10.875  -4.186
     -10.148  -4.557
      -9.194  -5.054
     -11.229  -5.677
     -12.202  -5.230
     -11.340  -5.918
     -10.931  -6.896
      -9.980  -7.348
     -10.733  -6.574
     -12.133  -7.832
     -12.982  -7.372
     -12.457  -8.029
     -11.763  -9.093
     -10.769  -9.204
     -12.602 -10.053
     -13.958  -9.928
     -14.560 -10.645
     -14.298  -9.033
     -12.048 -11.179
     -12.621 -11.955
     -11.065 -11.267
     -10.272  -3.547
      -9.607  -3.743
     -11.147  -2.530
     -11.680  -2.346
     -11.385  -1.591
     -11.409  -2.191
     -12.771  -0.917
     -12.873  -0.165
     -13.583  -1.666
     -12.852  -0.277
     -13.618   0.311
     -10.256  -0.582
     -10.227   0.113
      -9.297  -0.563
      -9.292  -1.191
      -8.171   0.380
      -8.238   0.876
      -8.298   1.442
      -7.409   2.113
      -8.220   0.750
      -8.314   1.431
      -9.659   2.184
      -9.709   2.991
      -9.797   2.648
     -10.505   1.485
      -6.820  -0.308
      -5.862   0.330
      -6.722  -1.606
      -7.480  -2.196
      -5.431  -2.287
      -4.692  -1.560
      -5.344  -3.382
      -4.269  -3.542
      -5.843  -3.043
      -5.927  -4.728
      -6.904  -4.779
      -5.335  -5.835
      -5.704  -6.713
      -4.542  -5.758
      -5.071  -2.722
      -5.690  -3.633
      -4.160  -1.941
      -3.763  -1.210
      -3.651  -2.032
      -4.392  -1.642
      -2.382  -1.205
      -2.597  -0.149
      -1.593  -1.578
      -1.982  -1.223
      -3.378  -3.486
      -2.440  -4.125
      -4.234  -3.958
      -4.906  -3.300
      -4.346  -5.350
      -4.979  -5.202
      -3.021  -5.811
      -2.576  -6.583
      -3.250  -6.327
      -1.901  -4.710
      -2.095  -3.802
      -0.898  -5.096
      -1.836  -4.225
      -2.483  -4.804
      -1.052  -3.145
      -1.006  -2.818
      -0.545  -2.730
      -5.001  -6.488
      -4.767  -6.638
      -5.928  -6.423
      -6.454  -5.765
      -6.701  -7.470
      -7.680  -7.467
      -6.709  -7.258
      -6.092  -8.845
      -6.466  -9.573
      -5.151  -9.200
      -4.610  -8.553
      -4.834 -10.557
      -4.087 -10.638
      -6.065 -11.431
      -6.194 -12.120
      -5.903 -12.063
      -7.236 -10.631
      -7.994 -11.227
      -4.170 -10.925
      -3.888 -12.101
      -3.603  -9.227
      -3.533  -8.239
      -2.869 -10.038
      -2.839 -11.058
      -3.589 -10.016
      -3.603  -8.973
      -3.017 -10.622
      -5.365 -11.770
      -4.756 -12.469
      -4.992 -10.523
      -6.653 -11.956
      -7.197 -12.865
      -7.125 -10.878
      -6.104  -9.973
      -6.239  -9.000
      -1.424  -9.549
      -0.783  -9.646
      -0.923  -9.043
      -1.439  -9.010
       0.434  -8.498
       0.402  -7.579
       0.820  -8.018
       1.819  -7.533
       0.104  -7.239
       0.948  -9.049
      -0.059  -9.511
      -1.098  -9.226
       0.437 -10.415
      -0.084 -10.911
       1.788 -10.549
       2.151  -9.688
       3.487  -9.631
       3.820  -8.986
       4.430 -10.438
       5.471 -10.400
       2.727 -11.360
       2.445 -12.009
       4.035 -11.297
       4.776 -11.909
       1.547  -9.359
       2.489  -8.804
       1.435 -10.692
       0.595 -11.171
       2.597 -11.555
       3.452 -11.005
       2.607 -12.793
       1.916 -12.577
       2.166 -13.655
       4.018 -13.132
       4.669 -13.457
       4.470 -12.209
       3.997 -14.242
       4.743 -13.992
       2.991 -14.245
       4.300 -15.594
       4.347 -16.393
       3.510 -15.862
       5.610 -15.564
       5.801 -16.491
       5.583 -14.836
       6.367 -15.335
       2.867 -11.867
       4.039 -11.955
       1.792 -11.969
       0.857 -11.878
       1.893 -12.226
       2.683 -12.956
       0.595 -12.869
       0.447 -13.821
      -0.274 -12.219
       0.593 -13.182
       0.717 -12.248
       1.428 -13.863
      -0.723 -13.816
      -0.904 -14.131
      -1.671 -14.019
      -2.524 -14.435
      -1.501 -13.740
       2.294 -10.957
       3.260 -10.977
       1.562  -9.862
       0.858  -9.887
       1.722  -8.581
       2.243  -8.794
       0.313  -8.024
       0.507  -7.161
      -0.220  -8.785
      -0.583  -7.525
      -0.251  -8.052
      -0.377  -6.445
      -2.125  -7.668
      -2.625  -7.686
      -2.542  -6.821
      -2.553  -8.706
      -1.934  -9.496
      -3.733  -8.526
      -4.123  -7.296
      -5.002  -7.163
      -3.542  -6.530
      -4.524  -9.586
      -5.353  -9.487
      -4.143 -10.477
       2.612  -7.538
       2.255  -6.343
       3.765  -8.000
       3.990  -8.971
       4.753  -7.113
       4.379  -6.098
       4.945  -7.442
       5.196  -6.479
       3.976  -7.772
       6.062  -8.454
       6.175  -9.107
       7.029  -7.908
       5.864  -9.273
       6.149  -8.656
       4.804  -9.597
       6.716 -10.463
       6.519 -11.012
       7.671 -10.835
       7.909 -10.149
       8.637 -10.424
       7.411  -9.286
       8.362 -11.944
       9.011 -12.283
       8.049 -12.505
       6.101  -7.125
       6.497  -8.146
       6.793  -5.985
       6.452  -5.179
       8.075  -5.812
       8.332  -6.747
       7.966  -4.660
       7.461  -3.816
       8.990  -4.303
       7.168  -4.992
       7.876  -5.355
       6.455  -5.821
       6.612  -4.562
       5.980  -3.830
       7.252  -3.983
       5.603  -5.169
       6.014  -6.092
       4.668  -5.435
       5.248  -4.223
       4.556  -4.663
       4.840  -3.358
       6.105  -3.976
       9.150  -5.533
       8.892  -4.855
      10.332  -6.106
      10.517  -6.770
      11.480  -5.823
      11.073  -5.760
      12.569  -6.901
      12.725  -7.180
      13.539  -6.519
      12.210  -8.175
      11.205  -9.030
      10.716  -8.782
      10.838 -10.173
      10.053 -10.807
      11.508 -10.497
      11.231 -11.391
      12.854  -8.515
      13.599  -7.852
      12.524  -9.679
      13.056  -9.957
      12.135  -4.480
      12.436  -4.164
      12.353  -3.707
      12.020  -3.876
      13.139  -2.487
      12.685  -1.869
      13.202  -1.725
      12.156  -1.453
      13.557  -2.420
      14.032  -0.469
      13.373  -1.366
      13.288   0.538
      13.819   1.514
      13.202   0.186
      12.264   0.701
      14.290   0.065
      14.920   0.980
      13.344   0.326
      14.818  -0.700
      14.552  -2.917
      15.205  -3.781
      14.998  -2.354
      14.315  -1.345
      13.774  -2.319
      13.593  -0.497
      16.264  -2.777
      16.129  -3.732
      16.540  -1.749
      16.016  -2.076
      17.621  -1.633
      15.142  -1.255
      15.080  -0.839
      14.828  -0.478
      17.398  -2.895
      17.549  -2.002
      18.170  -3.984
      18.123  -4.637
      19.199  -4.333
      18.706  -4.287
      19.673  -5.862
      20.711  -5.913
      19.023  -6.456
      19.684  -6.591
      18.575  -6.792
      20.748  -7.057
      20.385  -3.313
      21.142  -3.301
      20.541  -2.460
      20.029  -2.468
      21.526  -1.392
      22.333  -1.767
      22.097  -1.096
      22.890  -0.326
      22.545  -2.008
      21.063  -0.559
      21.510   0.038
      19.853  -0.741
      21.004  -0.108
      21.734   0.861
      19.718  -0.099
      19.090  -0.850
      19.133   0.981
      19.749   1.848
      17.718   1.350
      17.210   0.364
      17.086   2.325
      16.021   2.500
      17.117   1.932
      17.613   3.303
      17.877   2.004
      18.549   2.888
      18.366   1.275
      16.523   2.446
      16.695   2.852
      15.828   1.582
      16.033   3.236
      19.184   0.735
      18.794  -0.342
      19.703   1.728
      20.120   2.548
      19.685   1.660
      18.848   1.034
      19.624   2.675
      20.954   1.030
      20.934   0.556
      22.062   1.038
      22.060   1.378
      23.385   0.549
      23.231   0.054
      24.062  -0.372
      24.568   0.297
      24.871  -0.962
      23.157  -1.333
      22.532  -1.934
      22.475  -0.769
      24.000  -2.394
      24.818  -2.020
      23.739  -3.713
      24.257  -4.370
      23.047  -3.976
      24.310   1.724
      25.489   1.549
      23.788   2.946
      22.809   3.148
      24.670   4.165
      25.652   3.804
      24.660   4.777
      23.600   4.861
      25.076   5.810
      25.356   3.969
      25.137   4.273
      24.261   5.257
      23.956   6.399
      24.267   4.902
      24.775   3.663
      24.050   2.856
      25.807   3.365
      23.915   5.916
      22.969   6.391
      23.768   5.085
      22.739   4.664
      23.954   5.686
      24.731   3.954
      24.484   3.063
      25.761   4.300
      25.068   7.033
      26.242   6.716
      24.774   8.292
      23.893   8.646
      25.841   9.300
      26.620   8.854
      26.583   9.659
      27.196  10.568
      27.650   8.543
      28.215   8.929
      28.386   8.290
      27.131   7.611
      25.603  10.071
      24.977   9.199
      24.917  10.845
      26.393  10.620
      25.705  10.989
      27.036  11.466
      27.040   9.837
      25.407  10.627
      26.214  11.540
      24.167  10.743
      23.474  10.041
      23.685  11.919
      24.374  12.742
      22.230  12.412
      21.554  11.522
      21.652  13.530
      20.668  13.904
      21.499  13.118
      22.346  14.396
      22.363  12.941
      21.389  13.327
      23.113  13.758
      22.676  12.120
      23.713  11.547
      23.032  10.562
      24.489  12.323
      24.928  13.145
      24.769  12.066
      25.044  11.022
      25.952  12.888
      26.813  12.197
      26.278  13.665
      25.506  13.432
      26.291  13.749
      23.536  12.256
      22.638  13.068
      23.425  11.378
      24.046  10.605
      22.387  11.455
      21.880  12.409
      21.401  10.322
      21.997   9.381
      20.784  10.230
      20.459  10.414
      21.068  10.537
      19.878   9.471
      19.317  11.832
      17.988  11.129
      17.188  11.879
      17.526  10.250
      18.373  10.798
      23.137  11.420
      24.269  10.919
      22.527  11.975
      21.221  12.637
      22.022  12.836
      20.217  12.823
      23.223  12.013
      24.145  12.576
      22.185  12.707
      22.294  13.810
      22.296  12.433
      21.413  13.500
      20.905  14.360
      20.656  12.850
      23.543  10.603
      24.637  10.455
      22.618   9.612
      21.696   9.707
      22.929   8.227
      23.321   8.335
      21.693   7.364
      22.017   6.420
      21.007   7.892
      20.911   6.985
      21.352   7.294
      19.849   6.374
      23.993   7.482
      24.361   6.319
      24.571   8.161
      24.335   9.103
      25.607   7.544
      26.181   6.919
      26.168   8.360
      25.093   6.673
      25.896   6.181
      23.781   6.443
      23.105   6.742
      23.180   5.668
      23.970   5.059
      21.955   4.835
      21.276   5.471
      21.397   4.473
      22.343   3.602
      21.498   3.160
      23.462   3.128
      22.696   6.609
      21.626   7.184
      23.502   6.685
      24.270   6.048
      23.407   7.581
      23.264   8.570
      24.727   7.567
      24.960   6.503
      24.604   8.085
      25.894   8.186
      25.492   9.006
      26.308   7.407
      26.980   8.740
      27.676   7.911
      26.511   9.097
      27.706   9.826
      27.113  10.767
      27.915   9.588
      28.997  10.026
      29.534  10.803
      29.557   9.151
      28.802  10.259
      22.204   7.298
      21.553   6.210
      21.852   8.314
      22.332   9.185
      20.670   8.202
      20.179   7.260
      19.488   9.213
      19.830  10.242
      18.213   8.881
      17.388   9.566
      18.374   8.998
      17.882   7.840
      19.132   9.137
      18.283   9.813
      18.841   8.100
      19.988   9.441
      21.122   8.163
      21.996   8.938
      20.604   7.156
      20.132   6.389
      20.662   7.052
      21.588   7.508
      20.502   5.535
      21.258   4.943
      19.495   5.168
      20.711   5.240
      21.456   4.272
      20.199   6.006
      19.489   7.903
      18.332   7.563
      19.804   9.051
      20.734   9.385
      18.755   9.934
      18.124  10.194
      19.356  11.187
      20.219  10.863
      18.616  11.634
      19.844  12.234
      19.429  11.595
      20.492  13.403
      20.806  14.190
      21.390  13.063
      19.779  13.857
      18.641  12.602
      18.982  13.345
      17.776  13.040
      18.294  11.694
      17.868   9.240
      16.679   9.437
      18.488   8.439
      19.469   8.268
      17.715   7.724
      17.127   8.445
      18.621   7.058
      19.271   7.846
      19.310   6.337
      17.831   6.370
      17.125   5.649
      17.265   7.108
      18.713   5.544
      19.861   5.182
      18.231   5.317
      16.727   6.737
      15.565   6.769
      17.155   5.925
      18.091   5.890
      16.212   5.004
      15.662   4.415
      16.941   4.054
      17.651   3.424
      17.524   4.619
      16.233   3.379
      15.177   5.841
      13.970   5.554
      15.646   6.890
      16.609   7.121
      14.700   7.829
      14.212   7.251
      15.417   9.000
      16.165   8.599
      15.971   9.616
      14.471   9.908
      14.195   9.609
      14.628   8.728
      13.334  10.464
      13.116  10.198
      12.822  11.638
      12.198  12.312
      13.944  11.078
      14.144  11.319
      13.137  11.936
      12.741  12.832
      13.586   8.347
      12.427   8.269
      13.991   8.869
      14.951   9.058
      13.055   9.213
      12.466  10.029
      13.830   9.656
      14.465  10.530
      14.516   8.847
      12.896  10.036
      13.390  10.513
      12.072   8.089
      10.903   8.335
      12.553   6.864
      13.514   6.605
      11.655   5.756
      11.164   6.015
      12.451   4.500
      13.051   4.264
      11.760   3.638
      13.364   4.635
      13.983   5.544
      14.026   3.752
      12.614   4.822
      13.173   5.500
      11.472   4.359
      10.572   5.483
       9.396   5.268
      10.935   5.484
      11.876   5.637
       9.980   5.257
       9.395   4.387
      10.654   5.021
      11.201   5.941
       9.898   4.817
      11.660   3.919
      12.792   3.988
      12.957   4.843
      13.728   2.954
      14.638   3.005
      13.516   1.871
      14.253   1.085
      11.425   2.735
      10.512   2.634
      12.305   1.777
      12.108   0.902
       9.018   6.426
       7.783   6.230
       9.561   7.647
      10.507   7.925
       8.631   8.761
       8.026   8.482
       9.323  10.084
       8.518  10.859
      10.254  10.460
      10.656  11.272
       9.980   9.941
      10.371  10.918
       9.206   9.600
      10.814   9.207
       7.643   8.963
       6.585   9.525
       8.006   8.499
       8.862   8.003
       7.173   8.680
       6.933   9.733
       7.885   8.247
       8.457   7.319
       7.116   7.962
       8.818   9.413
       8.243  10.367
       9.650   9.518
       9.498   9.375
       8.718   9.127
       9.876  10.397
      10.693   8.373
      11.508   8.595
      10.354   7.325
      11.285   8.468
      12.074   7.798
      10.547   8.243
      11.630   9.435
       5.874   7.935
       4.956   8.227
       5.869   6.903
       6.684   6.679
       4.716   6.016
       3.972   6.295
       4.969   4.457
       4.001   3.960
       5.250   4.226
       5.267   3.140
       4.463   4.689
       6.231   4.658
       6.039   3.877
       7.043   4.273
       5.821   4.221
       6.152   2.361
       6.909   2.061
       5.178   1.906
       6.464   1.945
       4.065   6.225
       3.006   5.621
       4.669   7.072
       5.456   7.642
       4.184   7.236
       3.994   6.229
       5.204   7.810
       6.177   7.353
       5.375   9.417
       6.228   9.782
       5.576   9.690
       4.459   9.949
       4.894   7.299
       4.008   7.835
       4.630   6.218
       6.077   7.467
       5.831   7.037
       6.976   6.945
       6.325   8.540
       2.820   8.034
       2.079   7.750
       2.509   8.907
       3.061   9.107
       1.269   9.663
       1.257  10.090
       1.277  10.922
       1.474  10.555
       2.391  11.766
       2.358  12.538
      -0.107  11.768
      -0.071  12.584
      -0.964  11.109
      -0.299  12.223
       0.029   8.768
      -0.824   8.901
      -0.040   7.873
       0.795   7.751
       0.306   8.717
       1.788   7.933
      -1.151   6.892
      -2.094   7.408
      -0.878   6.082
      -1.323   6.615
      -1.296   5.056
      -0.104   6.951
      -0.187   6.672
       0.967   6.922
      -1.228   6.036
      -2.336   5.813
      -0.071   5.626
       0.817   5.832
      -0.023   4.844
      -0.599   3.934
       1.438   4.402
       1.899   3.815
       2.084   5.286
       1.430   3.766
      -0.646   5.607
      -1.379   4.997
      -0.266   6.862
       0.376   7.364
      -0.769   7.615
      -0.659   7.003
      -0.029   9.007
      -0.020   9.419
      -0.829  10.017
      -0.388  11.035
      -1.897  10.101
      -0.779   9.656
       1.475   8.850
       1.541   8.565
       1.928   8.019
       2.286  10.099
       3.353   9.920
       2.230  10.408
       1.918  10.937
      -2.296   7.831
      -3.028   7.738
      -2.706   8.127
      -2.091   8.159
      -4.072   8.425
      -4.375   9.218
      -4.218   8.926
      -3.918   8.056
      -3.269  10.018
      -3.403  10.279
      -5.716   9.303
      -5.777   9.523
      -6.404   8.459
      -6.077  10.196
      -4.964   7.188
      -6.055   7.377
      -4.512   5.967
      -3.688   5.884
      -5.189   4.714
      -6.173   4.716
      -4.546   3.456
      -3.447   3.543
      -4.874   2.550
      -4.721   3.164
      -5.802   3.013
      -4.429   4.074
      -3.748   1.898
      -3.258   1.534
      -4.321   1.057
      -2.694   2.313
      -3.081   2.672
      -1.340   2.246
      -0.718   1.674
       0.271   1.686
      -1.296   1.359
      -0.591   2.699
       0.390   2.580
      -1.038   2.967
      -5.414   4.610
      -6.473   4.176
      -4.460   5.076
      -3.598   5.471
      -4.622   5.038
      -4.935   4.043
      -3.315   5.376
      -3.043   6.445
      -3.709   5.156
      -2.823   5.343
      -4.508   5.855
      -4.052   4.115
      -2.091   4.483
      -1.213   4.688
      -2.347   3.405
      -1.789   4.687
      -5.740   5.993
      -6.602   5.619
      -5.691   7.220
      -4.965   7.525
      -6.728   8.228
      -6.737   8.429
      -6.408   9.571
      -6.244   9.338
      -7.684  10.626
      -7.441  11.597
      -8.599  10.233
      -7.908  10.824
      -4.978  10.215
      -4.806  11.187
      -4.958  10.387
      -4.134   9.544
      -8.170   7.641
      -9.154   7.724
      -8.216   6.990
      -7.408   6.855
      -9.475   6.386
     -10.226   7.165
      -9.220   5.731
      -8.354   5.044
     -10.103   5.143
      -8.879   6.750
      -9.183   7.947
      -8.299   6.287
     -10.027   5.316
     -11.243   5.261
      -9.099   4.510
      -8.123   4.619
      -9.423   3.452
     -10.176   2.837
      -8.159   2.600
      -7.921   1.855
      -7.263   3.247
      -8.395   1.826
      -9.222   0.628
      -9.685   0.322
      -9.419  -0.129
      -9.967  -1.060
      -8.884   0.349
      -9.049  -0.197
      -7.911   2.251
      -7.362   3.180
      -8.152   1.495
      -7.749   1.824
     -10.076   4.072
     -11.154   3.583
      -9.337   5.038
      -8.432   5.317
      -9.825   5.741
      -9.904   5.046
      -8.736   6.844
      -7.757   6.349
      -8.592   7.621
      -9.041   7.344
     -11.276   6.365
     -12.148   6.187
     -11.498   7.030
     -10.797   7.124
     -12.724   7.637
     -12.930   8.297
     -12.673   8.417
     -12.328   7.717
     -13.707   8.722
     -11.728   9.609
     -12.189  10.382
     -10.783   9.279
     -11.514  10.127
     -10.611  10.779
     -11.300   9.254
     -12.703  10.898
     -13.649  10.339
     -12.788  11.894
     -12.513  11.092
     -13.320  11.616
     -11.636  11.624
     -12.446  10.163
     -13.894   6.679
     -15.005   7.133
     -13.616   5.369
     -12.692   4.997
     -14.703   4.372
     -15.561   4.884
     -14.298   3.205
     -13.230   2.964
     -14.880   2.295
     -14.484   3.604
     -15.533   3.389
     -14.319   4.699
     -13.487   2.783
     -12.457   2.893
     -13.760   1.705
     -13.539   3.241
     -13.857   4.306
     -12.539   3.148
     -14.487   2.396
     -14.578   2.659
     -14.174   1.406
     -15.411   2.496
     -15.114   3.838
     -16.021   3.002
     -14.418   4.228
     -13.622   4.828
     -14.852   3.731
     -15.474   2.856
     -13.674   3.427
     -13.212   4.402
     -14.046   2.983
     -12.549   2.519
     -13.342   3.055
     -11.335   2.434
     -10.545   1.752
     -10.884   3.437
     -11.681   2.046
     -13.186   1.104
     -12.388   0.465
     -13.669   0.528
     -13.946   1.300
     -15.758   4.863
     -15.251   5.989
     -17.055   4.552
     -17.793   3.264
     -17.219   3.838
     -17.709   2.169
     -17.920   5.577
     -18.123   6.353
     -19.267   4.843
     -19.895   4.861
     -19.835   5.303
     -19.326   3.707
     -20.356   3.363
     -18.702   2.837
     -17.331   6.219
     -17.497   7.382
     -16.646   5.460
     -16.442   4.486
     -16.109   6.115
     -16.936   6.655
     -15.670   5.065
     -15.005   4.339
     -15.042   5.559
     -16.932   4.293
     -17.504   4.976
     -17.617   3.959
     -16.472   2.806
     -15.601   1.822
     -15.301   0.902
     -16.186   1.514
     -14.676   2.325
     -15.025   7.114
     -14.825   8.058
     -14.288   6.891
     -14.330   6.083
     -13.305   7.900
     -12.833   8.272
     -12.243   7.285
     -11.615   6.581
     -12.715   6.698
     -11.264   8.297
     -10.072   8.664
      -9.883   8.240
      -9.207   9.520
      -8.296   9.760
      -9.499  10.119
      -8.787  10.826
     -11.569   8.920
     -12.512   8.718
     -10.684   9.793
     -10.896  10.203
     -14.011   9.089
     -13.732  10.254
     -14.905   8.794
     -15.272   7.891
     -15.432   9.882
     -14.558  10.463
     -15.949   9.323
     -16.181  10.180
     -15.160   8.718
     -17.117   8.583
     -17.551   8.427
     -16.431  10.843
     -16.673  11.972
     -16.954  10.430
     -16.838   9.526
     -17.760  11.299
     -18.250  11.957
     -18.931  10.499
     -19.752  11.214
     -19.350   9.788
     -18.478   9.791
     -17.648   9.105
     -18.137  10.514
     -19.609   8.913
     -20.741   8.716
     -19.252   8.384
     -16.971  12.227
     -17.600  12.987
     -15.661  12.054
     -15.204  11.301
     -14.764  12.925
     -15.179  13.026
     -13.311  12.335
     -12.926  12.118
     -12.647  13.123
     -13.246  11.054
     -13.157  12.063
     -11.813  10.439
     -11.703   9.533
     -11.628  10.149
     -11.035  11.171
     -13.817  11.259
     -13.764  10.300
     -13.221  12.008
     -14.876  11.594
     -14.730  14.319
     -14.846  14.461
     -14.421  15.363
     -14.278  15.328
     -15.182  15.041
     -14.218  14.738
     -14.021  16.671
     -14.876  17.177
     -13.503  17.456
     -14.360  17.943
     -12.771  18.234
     -14.318  16.895
     -14.381  17.600
     -13.856  15.940
     -12.942  16.524
     -12.070  15.684
     -13.021  17.335
     -13.749  17.995
     -11.931  17.271
     -12.068  16.315
     -12.030  18.456
     -11.831  19.404
     -11.217  18.358
     -13.719  18.499
     -13.535  19.585
     -10.515  17.303
      -9.632  16.577
     -10.316  18.235
     -11.021  18.864
      -9.015  18.416
      -8.289  18.659
      -8.994  19.657
      -9.832  19.545
      -8.062  19.645
      -9.138  20.949
      -8.825  21.806
      -8.516  20.919
     -10.672  21.247
     -10.847  22.273
     -11.679  20.524
      -8.531  17.137
      -7.370  16.853
      -9.431  16.410
     -10.404  16.610
      -9.041  15.166
      -8.123  15.358
     -10.169  14.623
     -11.143  14.815
     -10.061  13.529
     -10.210  15.290
      -9.464  16.252
     -11.068  14.912
      -8.720  14.102
      -7.782  13.302
      -9.477  14.085
     -10.255  14.682
      -9.183  13.122
      -9.209  12.136
     -10.184  13.267
     -10.130  14.326
      -9.839  12.646
     -11.718  12.913
     -11.796  11.873
     -12.105  13.595
     -12.624  12.994
     -12.220  12.576
     -13.912  13.352
     -14.508  13.401
     -14.216  13.566
      -7.713  13.350
      -7.016  12.368
      -7.357  14.607
      -7.985  15.373
      -6.006  14.995
      -5.865  14.471
      -5.841  16.479
      -6.119  17.017
      -4.346  16.857
      -4.231  17.958
      -3.627  16.505
      -4.070  16.400
      -6.830  17.012
      -7.870  16.989
      -6.585  18.076
      -6.765  16.242
      -7.442  16.689
      -5.732  16.245
      -7.077  15.189
      -4.891  14.471
      -3.941  13.803
      -5.070  14.758
      -5.852  15.277
      -4.125  14.334
      -3.155  14.712
      -4.522  14.914
      -5.614  14.688
      -3.744  14.213
      -4.130  14.505
      -3.839  13.110
      -2.666  14.476
      -4.390  16.453
      -3.318  16.737
      -4.759  16.869
      -5.116  17.095
      -5.015  18.199
      -6.196  16.840
      -4.732  16.787
      -4.002  12.829
      -2.906  12.307
      -5.118  12.115
      -6.044  12.484
      -5.055  10.640
      -4.483  10.350
      -6.458   9.957
      -7.069  10.340
      -6.341   8.865
      -7.181  10.244
      -6.622   9.928
      -8.440   9.525
      -8.962   9.677
      -9.106   9.883
      -8.271   8.436
      -6.339   9.818
      -6.890  10.059
      -6.132   8.729
      -5.369  10.359
      -4.352  10.097
      -3.605   9.170
      -4.668  10.630
      -5.363  11.338
      -4.025  10.219
      -4.206   9.155
      -4.627  10.904
      -4.745  11.980
      -3.900  10.870
      -6.011  10.291
      -6.674  10.160
      -5.836   8.845
      -6.827   8.399
      -5.248   8.897
      -5.308   8.169
      -6.716  11.308
      -7.700  10.909
      -6.894  12.291
      -6.089  11.468
      -2.485  10.434
      -1.754   9.506
      -2.048  11.632
      -2.659  12.397
      -0.620  11.910
      -0.137  11.713
      -0.308  13.401
      -0.819  13.600
       0.783  13.504
      -0.793  14.437
      -0.242  14.264
      -1.875  14.266
      -0.542  15.818
      -1.096  15.953
       0.545  15.911
      -0.978  16.812
      -0.238  16.851
      -1.966  16.525
      -1.141  18.297
      -1.441  18.905
      -1.855  18.334
      -0.233  18.639
       0.026  10.974
       1.162  10.551
      -0.657  10.730
      -1.538  11.154
      -0.153   9.827
      -0.903   9.833
       0.799  10.247
       0.090   8.328
       1.050   7.751
      -0.718   7.723
      -1.396   8.226
      -0.658   6.267
       0.105   5.854
      -2.134   5.594
      -1.999   4.489
      -2.521   5.828
      -3.251   6.093
      -4.292   5.354
      -0.219   6.012
      -0.205   4.860
      -0.048   7.066
      -0.021   8.031
       0.114   6.799
      -0.821   6.362
       0.376   8.104
      -0.396   8.842
       1.355   8.537
       0.255   7.813
       0.448   9.073
       1.239   5.770
       1.078   4.790
       2.430   6.064
       2.637   6.821
       3.572   5.194
       3.593   5.046
       4.857   5.883
       4.988   6.807
       4.709   6.222
       6.136   4.945
       7.027   5.431
       5.964   3.990
       6.440   4.628
       8.090   3.616
       8.434   3.343
       8.897   4.204
       7.957   2.676
       3.393   3.810
       3.823   2.823
       2.821   3.777
       2.644   4.580
       2.398   2.504
       3.302   1.967
       1.660   2.645
       0.672   3.124
       1.434   1.636
       2.512   3.524
       3.288   2.891
       2.999   4.379
       1.634   4.061
       0.385   3.861
       2.209   4.619
       1.597   1.616
       1.911   0.427
       0.610   2.204
       0.387   3.174
      -0.233   1.471
      -0.477   0.568
      -1.641   2.197
      -1.368   3.252
      -2.414   1.527
      -3.304   2.131
      -1.775   1.437
      -2.759   0.511
      -2.451   2.217
      -2.529   1.184
      -1.882   2.821
      -3.909   2.835
      -4.398   2.875
      -3.863   3.868
      -4.546   2.221
       0.435   1.029
       0.278  -0.084
       1.096   1.953
       1.161   2.912
       1.818   1.614
       1.086   1.199
       2.489   2.874
       3.046   3.321
       3.254   2.598
       1.412   3.964
       0.705   3.468
       0.815   4.390
       2.251   5.300
       2.996   6.098
       3.572   6.985
       2.234   6.444
       3.696   5.419
       2.898   0.549
       3.056  -0.320
       3.623   0.648
       3.546   1.394
       4.645  -0.387
       5.325  -0.439
       5.318  -0.020
       4.516   0.210
       5.890  -0.889
       6.097   1.107
       6.354   1.499
       4.014  -1.750
       4.571  -2.750
       2.842  -1.774
       2.403  -0.959
       2.112  -2.991
       2.778  -3.723
       0.809  -2.731
       1.157  -2.464
       0.278  -1.833
      -0.192  -3.926
       0.543  -3.121
       0.367  -5.303
      -0.451  -6.050
       1.138  -5.706
       0.828  -5.180
      -1.503  -3.644
      -2.151  -4.547
      -1.283  -3.374
      -2.075  -2.811
       1.694  -3.516
       1.804  -4.673
       1.149  -2.640
       0.985  -1.691
       0.774  -3.020
       0.057  -3.831
       0.055  -1.910
       0.637  -0.974
       0.124  -2.109
      -1.393  -1.813
      -1.931  -2.757
      -1.345  -1.770
      -2.104  -0.521
      -1.760   0.366
      -1.874  -0.353
      -3.569  -0.648
      -3.854  -1.281
      -4.498  -0.043
      -4.161   0.868
      -4.857   1.339
      -3.196   1.137
      -5.790  -0.406
      -6.493  -0.034
      -5.957  -1.193
       1.977  -3.555
       1.826  -4.620
       3.173  -2.934
       3.338  -2.118
       4.377  -3.504
       4.173  -3.685
       5.600  -2.515
       5.318  -1.558
       5.903  -2.290
       6.477  -2.931
       4.762  -4.861
       5.030  -5.821
       4.787  -4.922
       4.543  -4.124
       5.166  -6.136
       6.200  -6.385
       5.170  -5.895
       5.815  -5.021
       4.145  -5.672
       5.564  -6.772
       4.337  -7.381
       4.896  -8.502
       3.045  -7.178
       2.565  -6.306
       2.189  -8.322
       2.415  -9.101
       0.587  -8.166
       0.118  -9.168
       0.314  -7.726
      -0.778  -7.587
       0.660  -8.476
       0.817  -6.758
      -0.100  -7.179
      -1.179  -7.073
       0.372  -6.175
      -0.026  -7.534
       2.469  -8.880
       2.104 -10.028
       3.183  -8.114
       3.455  -7.192
       3.597  -8.569
       3.008  -9.444
       3.314  -7.485
       4.010  -6.639
       3.602  -7.869
       1.848  -6.968
       1.179  -7.816
       1.741  -6.233
       1.450  -6.282
       2.360  -5.868
       0.960  -6.997
       0.481  -5.171
      -0.464  -5.434
       0.825  -3.925
       2.085  -3.655
       2.338  -2.754
       2.712  -4.437
      -0.093  -2.955
       0.184  -2.029
      -0.989  -3.158
       5.038  -8.996
       5.677  -8.885
       5.576  -9.396
       5.129  -9.287
       6.841 -10.013
       7.535  -9.373
       7.372 -10.199
       7.521  -9.202
       6.634 -10.748
       8.736 -10.926
       9.925 -10.288
       9.896  -9.268
      11.138 -10.975
      12.060 -10.485
      11.208 -12.294
      12.436 -12.943
      12.299 -13.816
       8.815 -12.256
       7.916 -12.795
      10.050 -12.972
      10.057 -14.022
       6.787 -11.345
       5.909 -12.193
       7.792 -11.555
       8.488 -10.878
       7.984 -12.839
       7.112 -13.449
       8.176 -12.575
       7.290 -12.039
       9.070 -11.944
       8.336 -13.890
       7.473 -14.803
       9.359 -13.982
       9.218 -13.620
      10.335 -13.221
       9.015 -14.774
       7.740 -15.397
       8.003 -14.343
       6.648 -15.489
      10.163 -15.542
      10.654 -14.960
       9.490 -16.769
       9.171 -16.525
      10.155 -17.656
       8.125 -16.289
       7.653 -16.890
       7.479 -16.307
      11.208 -15.949
      12.435 -15.824
      10.714 -16.398
       9.732 -16.344
      11.493 -17.002
      12.112 -17.801
      10.487 -17.522
       9.716 -18.143
       9.939 -16.663
      10.983 -18.392
      10.135 -18.598
      11.782 -17.870
      11.506 -19.751
      11.225 -20.150
      12.185 -20.439
      12.418 -15.975
      13.570 -16.246
      11.917 -14.765
      10.974 -14.456
      12.839 -13.719
      13.651 -14.271
      12.193 -12.845
      12.897 -12.016
      12.048 -13.432
      11.008 -12.335
      10.731 -11.624
      13.456 -12.814
      14.367 -12.062
      12.956 -12.910
      12.246 -13.559
      13.398 -12.079
      12.739 -12.269
      14.778 -12.494
      14.779 -13.581
      15.532 -12.296
      15.225 -11.795
      14.404 -11.599
      16.466 -11.505
      13.226 -10.582
      14.106  -9.748
      12.058 -10.304
      11.386 -11.013
      11.652  -9.001
      12.417  -8.363
      11.446  -8.855
      11.140  -7.794
      10.365  -9.708
      10.294  -9.585
      12.748  -9.134
      12.564  -8.904
      13.590  -8.497
      13.062 -10.198
      10.302  -8.556
       9.405  -9.342
      10.139  -7.249
      10.875  -6.597
       8.860  -6.640
       8.170  -7.407
       9.035  -5.458
       9.818  -4.782
       8.096  -4.862
       9.448  -5.775
       9.087  -5.572
       9.492  -4.481
       9.738  -4.635
      10.264  -3.818
       8.510  -3.966
       8.407  -6.730
       8.732  -6.961
       7.401  -6.268
       8.321  -7.687
       8.336  -6.080
       9.095  -5.525
       7.031  -6.072
       6.400  -6.417
       6.372  -5.539
       7.152  -5.254
       5.486  -6.637
       4.691  -6.930
       6.310  -7.804
       5.730  -8.428
       4.925  -6.073
       4.213  -6.788
       4.382  -5.122
       5.741  -5.871
       5.642  -4.243
       4.741  -4.271
       6.150  -3.088
       6.940  -3.037
       5.553  -1.745
       5.153  -1.840
       6.585  -0.610
       6.860  -0.384
       6.098   0.309
       7.881  -0.835
       6.921  -0.628
       8.799   0.353
       9.753   0.276
       9.036   0.378
       8.312   1.312
       7.550  -0.985
       8.486  -1.168
       7.082  -0.067
       6.860  -1.838
       4.383  -1.385
       4.547  -1.431
       3.212  -1.055
       3.141  -0.985
       1.951  -0.772
       1.221  -0.632
       2.134   0.554
       2.886   0.414
       1.183   0.869
       2.611   1.486
       2.940   2.259
       1.432  -1.929
       0.665  -1.722
       1.870  -3.150
       2.437  -3.313
       1.545  -4.345
       0.477  -4.299
       1.867  -5.191
       2.226  -4.436
       2.002  -5.392
       3.118  -3.491
       3.376  -2.759
       3.793  -3.442
       3.458  -4.319
       3.306  -2.215
       3.868  -2.168
       2.236  -2.345
       3.503  -0.882
       2.894  -0.899
       4.568  -0.733
       3.016   0.312
       3.831   0.940
       1.791   0.564
       5.327  -3.481
       5.906  -4.005
       5.979  -2.923
       5.590  -2.613
       7.392  -2.718
       7.728  -3.080
       7.744  -1.206
       7.187  -0.659
       7.346  -0.834
       9.221  -0.975
       9.788  -1.764
       9.507  -1.025
       9.779   0.608
       9.260   1.725
       9.544   2.771
       9.733   1.460
       8.158   1.694
       8.033  -3.583
       7.954  -3.260
       8.635  -4.677
       8.560  -4.952
       9.427  -5.550
       8.977  -5.664
       9.530  -6.963
       8.514  -7.398
       9.991  -6.910
      10.133  -7.654
      10.858  -4.929
      11.586  -4.563
      11.212  -4.850
      10.612  -5.174
      12.478  -4.297
      13.097  -4.145
      12.289  -2.903
      13.297  -2.567
      11.748  -1.921
      11.585  -0.966
      12.432  -1.704
      10.770  -2.255
      11.355  -3.016
      11.212  -2.022
      10.358  -3.411
      11.787  -3.694
      13.211  -5.239
      12.622  -5.875
      14.511  -5.180
      14.952  -4.648
      15.412  -5.873
      14.903  -6.756
      16.688  -6.245
      17.204  -5.291
      17.375  -6.796
      16.423  -7.049
      15.554  -6.603
      17.308  -6.959
      16.126  -8.526
      16.821  -8.855
      15.090  -8.590
      16.268  -9.468
      15.484  -9.235
      17.264  -9.338
      16.139 -10.965
      16.246 -11.497
      16.876 -11.260
      15.203 -11.162
      15.724  -4.974
      15.546  -3.773
      16.178  -5.594
      16.257  -6.588
      16.582  -4.915
      15.675  -4.560
      17.351  -5.825
      18.049  -6.429
      17.994  -5.206
      16.507  -6.718
      16.200  -6.204
      15.565  -6.893
      17.258  -8.046
      17.712  -8.375
      18.068  -7.940
      16.309  -9.041
      15.974  -9.653
      15.904  -9.153
      16.374  -8.314
      16.095  -8.410
      17.109  -7.695
      15.005 -10.120
      14.625 -10.167
      14.602 -10.616
      17.482  -3.675
      17.160  -2.572
      18.533  -3.906
      18.662  -4.785
      19.562  -2.945
      19.992  -2.611
      20.786  -3.568
      21.019  -4.569
      20.480  -3.753
      22.078  -2.698
      21.808  -1.632
      22.627  -2.830
      23.164  -2.964
      23.015  -3.955
      24.215  -2.188
      18.956  -1.695
      19.320  -0.582
      18.157  -1.925
      17.980  -2.860
      17.468  -0.892
      18.252  -0.285
      16.670  -1.523
      15.974  -2.266
      16.027  -0.745
      17.564  -2.213
      18.208  -1.467
      18.227  -2.958
      16.721  -2.884
      15.795  -3.637
      17.028  -2.637
      16.467  -3.078
      17.800  -2.048
      16.567   0.046
      16.729   1.301
      15.640  -0.571
      15.505  -1.559
      14.765   0.128
      14.249   0.884
      13.696  -0.788
      13.289  -1.446
      14.196  -1.464
      12.546   0.003
      13.171  -0.618
      11.787   1.034
      10.953   1.509
      12.478   1.833
      11.364   0.527
      11.560  -0.961
      10.748  -0.376
      11.086  -1.693
      12.102  -1.522
      15.579   0.860
      15.210   1.951
      16.654   0.225
      16.945  -0.681
      17.496   0.831
      16.855   1.192
      18.570  -0.167
      18.030  -1.057
      19.166  -0.526
      19.471   0.390
      19.845   1.390
      18.874   0.539
      20.647  -0.461
      20.347  -1.528
      21.433  -0.252
      21.103  -0.126
      21.292   0.966
      20.329  -0.419
      22.386  -0.836
      22.659  -0.573
      22.244  -1.866
      23.146  -0.564
      18.229   2.089
      18.317   3.149
      18.708   1.947
      18.566   1.152
      19.533   3.038
      20.094   3.470
      20.610   2.467
      20.094   1.805
      21.085   3.288
      21.671   1.644
      21.911   1.787
      22.370   0.820
      23.063   0.266
      22.178   0.747
      18.680   4.147
      19.201   5.215
      17.376   3.897
      16.936   3.028
      16.553   4.856
      15.810   4.321
      17.190   5.500
      15.805   5.750
      14.940   6.502
      16.161   5.665
      16.655   4.897
      15.824   6.752
      14.956   7.263
      16.696   7.382
      15.465   6.191
      15.562   6.906
      15.119   4.902
      15.148   4.257
      14.661   4.338
      14.001   5.096
      13.651   3.180
      14.087   2.500
      13.583   2.585
      12.210   3.647
      13.175   3.286
      11.153   2.493
      10.149   2.869
      11.435   1.671
      11.078   2.077
      11.649   4.750
      10.649   5.084
      11.534   4.385
      12.325   5.633
      15.727   4.022
      15.369   3.997
      16.962   3.750
      17.279   3.772
      17.953   3.391
      18.020   4.186
      18.884   3.174
      17.501   2.117
      16.906   1.192
      17.831   2.070
      18.416   2.747
      17.355   0.991
      17.812   0.091
      17.961   1.085
      17.594   0.204
      19.454   1.039
      19.943   1.142
      19.794   0.076
      19.811   1.869
      17.465   2.331
      17.924   2.432
      17.723   3.234
      16.364   2.305
      15.861   0.747
      15.509  -0.338
      14.976   1.705
      15.220   2.652
      13.541   1.412
      13.196   1.089
      12.669   2.630
      12.973   2.904
      11.127   2.294
      10.538   3.193
      10.883   1.498
      10.794   1.964
      13.133   3.926
      12.508   4.807
      13.037   3.734
      14.190   4.190
      13.285   0.243
      12.403  -0.535
      14.081   0.126
      14.854   0.722
      13.857  -0.954
      12.808  -0.918
      14.769  -0.810
      14.352  -0.001
      15.793  -0.494
      14.816  -2.006
      15.206  -1.784
      14.120  -2.322
      13.360  -3.214
      15.220  -2.469
      15.952  -1.796
      15.478  -3.685
      15.603  -4.507
      16.809  -3.617
      16.722  -2.864
      17.044  -4.597
      17.999  -3.184
      18.611  -4.114
      18.181  -1.966
      14.297  -4.056
      13.877  -5.200
      13.742  -3.081
      14.070  -2.136
      12.630  -3.325
      12.877  -4.091
      12.264  -2.028
      13.142  -1.702
      11.985  -1.195
      11.421  -2.209
      11.408  -3.851
      10.684  -4.708
      11.127  -3.272
      11.670  -2.546
       9.968  -3.682
       9.131  -3.693
       9.538  -2.586
      10.459  -2.454
       8.233  -3.058
       8.056  -2.382
       8.370  -4.085
       7.325  -3.050
       9.247  -1.231
       8.397  -1.342
      10.138  -0.931
       8.936  -0.098
       8.804   0.825
       9.757   0.077
       7.997  -0.274
      10.113  -5.100
       9.157  -5.871
      11.267  -5.391
      11.992  -4.725
      11.568  -6.753
      10.787  -7.007
      13.002  -6.892
      13.694  -6.178
      13.415  -7.912
      13.017  -6.558
      13.100  -5.232
      13.190  -4.435
      13.057  -4.930
      13.082  -3.902
      12.990  -5.944
      12.985  -5.726
      12.947  -7.579
      12.876  -8.610
      12.938  -7.277
      12.889  -8.077
      11.484  -7.771
      10.902  -8.822
      12.071  -7.420
      12.599  -6.592
      11.955  -8.297
      12.395  -9.256
      12.711  -7.853
      12.177  -6.975
      12.653  -8.654
      14.190  -7.444
      14.671  -8.010
      14.289  -6.359
      15.115  -7.502
      14.834  -7.354
      16.225  -7.917
      10.451  -8.550
      10.081  -9.670
       9.661  -7.495
       9.989  -6.556
       8.224  -7.611
       8.077  -8.099
       7.501  -6.259
       7.918  -5.730
       7.767  -5.637
       5.926  -6.346
       7.030  -6.179
       5.621  -6.892
       4.525  -6.926
       6.025  -7.921
       6.077  -6.245
       5.252  -5.039
       4.150  -5.146
       5.582  -4.257
       5.473  -4.687
       7.604  -8.520
       6.836  -9.436
       7.898  -8.224
       8.537  -7.508
       7.269  -8.967
       7.639  -8.564
       6.197  -8.896
       7.660 -10.472
       6.807 -11.294
       8.913 -10.793
       9.624 -10.112
       9.339 -12.183
       9.049 -12.694
      10.847 -12.296
      11.181 -12.078
      11.277 -11.492
      11.366 -13.671
      11.442 -13.708
      10.628 -14.447
      12.769 -14.101
      12.981 -15.138
      12.709 -14.127
      13.849 -13.180
      13.921 -13.154
      14.829 -13.512
      13.495 -11.791
      14.226 -11.105
      13.429 -11.827
      12.578 -11.494
       8.616 -12.896
       8.168 -14.047
       8.436 -12.190
       8.752 -11.255
       7.729 -12.787
       8.145 -13.780
       8.047 -12.093
       7.597 -12.694
       9.147 -12.072
       7.465 -10.826
       7.462 -10.465
       6.191 -12.948
       5.584 -13.951
       5.599 -12.033
       6.093 -11.252
       4.164 -12.064
       3.644 -12.218
       3.673 -10.675
       4.404 -10.347
       2.705 -10.816
       3.486  -9.462
       3.501 -10.338
       2.760  -8.291
       2.585  -7.424
       3.379  -7.948
       1.777  -8.629
       2.701  -9.878
       2.572  -9.003
       1.692 -10.266
       3.254 -10.665
       3.780 -13.239
       2.616 -13.617
       4.735 -13.796
       5.678 -13.467
       4.461 -14.962
       3.782 -14.584
       5.724 -15.542
       6.517 -15.649
       5.516 -16.560
       6.113 -14.632
       7.008 -14.871
       3.774 -16.105
       2.775 -16.662
       4.351 -16.496
       5.207 -16.099
       3.773 -17.530
       3.699 -18.431
       4.818 -17.988
       5.791 -18.195
       4.984 -17.196
       4.493 -18.915
       2.380 -17.287
       1.684 -18.225
       1.936 -16.034
       2.454 -15.266
       0.697 -15.675
       0.536 -16.357
       0.656 -14.133
       1.131 -13.518
      -0.391 -13.775
       1.429 -13.786
       0.773 -13.195
      -0.281 -12.967
       1.460 -12.871
       0.919 -12.438
       2.880 -13.139
       3.421 -12.859
       2.819 -14.076
       3.361 -14.534
       3.537 -13.753
       4.588 -13.993
      -0.465 -15.903
      -1.611 -15.885
      -0.191 -15.960
       0.724 -15.857
      -1.278 -16.190
      -0.817 -15.967
      -1.752 -17.635
      -2.096 -17.890
      -2.621 -17.749
      -0.612 -18.627
       0.181 -18.357
      -0.515 -19.748
       0.214 -20.385
      -1.139 -19.901
      -2.451 -15.270
      -3.549 -15.721
      -2.163 -13.970
      -1.250 -13.597
      -3.175 -12.967
      -3.728 -13.287
      -2.554 -11.595
      -1.934 -11.424
      -3.361 -10.828
      -1.653 -11.340
      -2.398 -11.499
      -1.289  -9.887
      -0.678  -9.609
      -0.701  -9.659
      -2.201  -9.253
      -2.361 -11.760
      -1.665 -11.574
      -3.283 -11.174
      -2.626 -12.839
      -4.181 -12.958
      -3.733 -13.116
      -5.477 -12.722
      -5.939 -12.615
      -6.371 -12.595
      -5.863 -12.888
      -7.611 -13.513
      -8.238 -13.479
      -7.298 -14.562
      -8.528 -13.060
      -8.331 -12.019
      -9.493 -13.741
      -6.637 -11.077
      -6.092 -10.229
      -7.451 -10.700
      -7.887 -11.300
      -7.813  -9.238
      -6.871  -8.731
      -8.799  -9.061
      -9.666  -9.738
      -9.173  -8.019
      -8.151  -9.414
      -6.937  -9.249
      -8.878  -9.775
      -8.468  -8.561
      -8.193  -7.432
      -9.350  -9.285
      -9.651 -10.196
      -9.953  -8.815
     -10.435  -7.881
     -10.996  -9.848
     -10.469 -10.833
     -12.067  -9.948
     -12.680 -10.577
     -11.529  -9.380
     -12.176 -10.159
     -10.681  -9.192
     -12.121  -8.444
      -8.915  -8.488
      -9.008  -7.485
      -7.955  -9.377
      -7.831 -10.227
      -6.970  -9.161
      -7.509  -8.943
      -6.145 -10.421
      -5.847 -10.841
      -5.196 -10.153
      -7.013 -11.398
      -6.972 -11.135
      -8.067 -11.366
      -6.506 -12.828
      -5.780 -13.220
      -6.854 -13.624
      -6.065  -7.979
      -5.890  -7.112
      -5.725  -7.829
      -5.912  -8.501
      -5.009  -6.592
      -4.121  -6.493
      -4.415  -6.744
      -5.259  -7.038
      -3.816  -5.392
      -3.372  -5.512
      -4.592  -4.602
      -3.015  -5.044
      -3.409  -7.973
      -3.003  -8.003
      -2.557  -7.886
      -3.921  -8.941
      -5.847  -5.284
      -5.309  -4.318
      -7.109  -5.288
      -7.455  -6.060
      -8.069  -4.183
      -7.726  -3.304
      -9.437  -4.541
      -9.308  -4.792
      -9.883  -5.424
     -10.152  -3.694
      -8.226  -3.768
      -8.196  -2.600
      -8.341  -4.759
      -8.327  -5.728
      -8.498  -4.492
      -9.241  -3.709
      -9.087  -5.689
      -8.391  -6.545
      -9.082  -5.482
     -10.524  -6.134
      -9.502  -5.804
     -10.840  -7.407
     -11.867  -7.760
     -10.124  -8.214
     -10.775  -7.228
     -11.580  -4.965
     -12.607  -5.239
     -11.604  -4.807
     -11.307  -4.003
      -7.241  -3.987
      -7.348  -3.110
      -6.053  -4.513
      -5.952  -5.342
      -4.778  -3.884
      -4.720  -3.938
      -3.628  -4.612
      -4.078  -5.220
      -2.975  -3.861
      -2.644  -5.595
      -3.704  -5.288
      -2.579  -5.836
      -1.827  -6.619
      -2.293  -4.905
      -3.564  -6.173
      -2.322  -6.856
      -1.598  -7.543
      -3.236  -7.439
      -1.876  -6.508
      -4.745  -2.383
      -4.403  -1.581
      -5.140  -2.111
      -5.405  -2.826
      -5.223  -0.772
      -4.226  -0.357
      -5.535  -0.749
      -6.464  -1.347
      -5.784   0.292
      -4.437  -1.313
      -3.533  -0.669
      -4.155  -2.328
      -4.826  -1.389
      -3.981  -1.759
      -6.097  -1.053
      -6.331  -1.112
      -6.735  -0.751
      -6.154   0.124
      -5.789   1.226
      -7.349  -0.368
      -7.672  -1.275
      -8.291   0.426
      -8.468   1.387
      -9.684  -0.368
     -10.102  -0.535
      -9.539  -1.362
     -10.433   0.202
      -7.715   0.735
      -7.867   1.871
      -6.988  -0.223
      -6.798  -1.098
      -6.410  -0.080
      -7.176   0.311
      -6.005  -1.445
      -5.520  -2.032
      -4.989  -1.274
      -4.736  -2.264
      -4.041  -0.813
      -5.421  -0.642
      -7.323  -2.225
      -7.074  -3.202
      -7.919  -1.632
      -7.960  -2.429
      -5.270   0.946
      -5.135   1.773
      -4.507   0.915
      -4.637   0.266
      -3.384   1.871
      -2.787   1.878
      -2.579   1.502
      -3.320   1.295
      -2.003   2.393
      -1.652   0.231
      -2.205   1.184
      -1.170  -0.257
      -0.477  -1.118
      -2.033  -0.581
      -0.635   0.554
      -0.472   0.540
       0.138  -0.374
       0.198   1.323
      -0.856   0.886
      -3.975   3.332
      -3.483   4.291
      -5.049   3.409
      -5.499   2.618
      -5.669   4.687
      -4.866   5.312
      -6.735   4.497
      -6.190   4.222
      -7.371   3.621
      -7.700   5.658
      -6.984   4.818
      -6.933   6.742
      -7.618   7.550
      -6.178   7.187
      -6.408   6.340
      -8.806   5.153
      -9.496   5.982
      -8.424   4.715
      -9.391   4.374
      -6.295   5.402
      -6.052   6.579
      -7.078   4.628
      -7.140   3.643
      -7.933   5.144
      -8.249   6.149
      -9.234   4.363
      -8.938   3.352
      -9.797   4.844
     -10.040   4.270
      -9.462   3.710
     -10.988   3.716
     -10.512   5.890
     -11.763   6.530
     -12.164   7.506
     -12.617   5.825
     -11.329   6.679
      -7.106   5.229
      -7.477   4.747
      -5.983   5.920
      -5.640   6.383
      -5.124   6.070
      -5.519   5.389
      -3.694   5.760
      -3.563   4.654
      -3.477   6.089
      -2.816   6.375
      -1.943   5.982
      -5.212   7.481
      -5.126   8.468
      -5.269   7.574
      -5.346   6.784
      -5.223   8.884
      -5.599   9.596
      -6.132   8.908
      -5.980   9.902
      -5.726   7.878
      -6.352   7.931
      -7.681   8.687
      -8.378   8.817
      -7.957   9.428
      -7.830   7.668
      -3.815   9.341
      -3.597  10.382
      -2.816   8.568
      -2.896   7.738
      -1.452   8.907
      -1.446   9.358
      -0.604   7.627
      -1.082   6.871
      -0.534   7.208
       0.812   7.920
       1.031   8.783
       1.743   7.350
      -0.924   9.981
       0.022   9.791
      -1.657  11.082
      -2.484  11.195
      -1.328  12.195
      -0.268  12.208
      -2.266  12.138
      -3.232  11.707
      -2.498  13.172
      -1.801  11.294
      -2.116  11.803
      -0.687  11.284
      -2.368  10.010
      -2.044   9.672
      -3.482  10.041
      -2.068   8.878
      -2.729   8.778
      -1.049   8.039
      -0.129   8.257
       0.655   7.660
      -0.217   9.116
      -0.991   6.962
      -0.285   6.281
      -1.784   6.784
      -1.626  13.452
      -2.489  13.430
      -1.015  14.575
      -0.266  14.736
      -1.509  15.795
      -2.066  15.444
      -0.395  16.704
      -0.859  17.667
       0.058  16.247
       0.520  16.919
       1.083  17.653
      -2.485  16.609
      -2.497  16.526
      -3.288  17.358
      -3.301  17.255
      -4.180  18.347
      -3.737  18.717
      -4.322  19.102
      -5.527  17.769
      -6.325  18.486
      -5.787  16.485
      -5.102  15.874
      -7.108  15.883
      -7.343  15.990
      -7.064  14.318
      -6.573  14.142
      -8.105  13.939
      -6.321  13.493
      -6.964  14.107
      -6.242  12.140
      -5.757  11.431
      -5.649  12.162
      -7.257  11.755
      -7.035  13.442
      -6.424  12.840
      -8.042  12.980
      -7.140  14.466
      -8.254  16.589
      -8.068  17.010
      -9.416  16.782
      -9.572  16.693
     -10.596  17.157
     -10.238  17.775
     -11.669  17.925
     -11.162  18.800
     -12.012  17.282
     -12.859  18.393
     -11.931  18.386
     -12.634  19.398
     -13.609  19.626
     -11.985  18.895
     -12.157  20.358
     -13.960  19.104
     -14.791  19.409
     -13.579  20.018
     -14.374  18.427
     -11.322  15.962
     -11.639  15.957
     -11.633  14.985
     -11.195  14.887
     -12.661  13.952
     -13.311  14.320
     -13.491  13.563
     -13.994  14.488
     -12.807  13.245
     -14.776  12.291
     -15.298  12.270
     -11.871  12.752
     -12.105  11.641
     -11.011  13.014
     -10.872  13.937
     -10.194  11.972
      -9.486  11.607
      -9.254  12.499
      -9.906  12.900
      -8.419  11.356
      -7.719  11.721
      -9.049  10.567
      -7.816  10.900
      -8.228  13.509
      -7.539  13.852
      -7.623  13.045
      -8.733  14.407
     -11.046  10.768
     -10.716   9.620
     -12.143  11.038
     -12.515  11.950
     -12.942   9.976
     -12.257   9.344
     -14.011  10.488
     -14.532  11.365
     -14.765   9.701
     -13.374  10.938
     -12.157  10.686
     -14.102  11.529
     -13.602   9.084
     -13.591   7.851
     -14.145   9.740
     -14.174  10.738
     -14.742   9.054
     -15.483   8.387
     -15.389  10.087
     -15.891  10.833
     -14.593  10.639
     -16.328   9.589
     -15.810   8.950
     -17.044   8.937
     -17.045  10.735
     -17.362  11.473
     -16.315  11.246
     -18.216  10.085
     -18.505  10.703
     -17.933   9.071
     -19.505   9.888
     -20.230   9.445
     -19.316   9.279
     -19.851  10.812
     -13.760   8.195
     -14.122   7.116
     -12.578   8.729
     -12.340   9.679
     -11.531   7.974
     -11.956   7.636
     -10.272   8.883
     -10.075   9.482
      -9.091   8.078
      -8.192   8.723
      -8.846   7.269
      -9.298   7.618
     -10.661   9.888
     -10.537   9.407
     -11.739  10.148
      -9.814  11.230
     -10.168  11.936
      -9.917  11.725
      -8.738  11.027
     -11.119   6.719
     -10.966   5.649
     -10.799   6.914
     -10.688   7.825
     -10.573   5.797
      -9.663   5.290
     -10.326   6.396
      -9.541   7.181
     -11.241   6.923
      -9.895   5.535
     -10.698   4.817
      -8.977   4.977
      -9.636   6.355
     -10.447   6.213
      -8.662   7.154
     -11.712   4.734
     -11.418   3.524
     -12.981   5.200
     -13.250   6.161
     -14.066   4.264
     -13.892   3.579
     -15.434   4.860
     -15.592   5.697
     -16.217   4.103
     -15.513   5.384
     -14.527   5.816
     -16.264   6.206
     -15.879   4.293
     -16.564   3.550
     -14.945   3.754
     -16.547   4.906
     -17.525   5.374
     -16.720   4.116
     -15.643   5.988
     -16.095   6.385
     -14.729   5.568
     -15.486   6.747
     -14.093   3.430
     -14.429   2.257
     -13.791   4.090
     -13.557   5.062
     -13.766   3.486
     -14.681   2.921
     -13.713   4.552
     -14.740   4.958
     -13.060   5.406
     -13.246   3.847
     -13.425   4.436
     -12.571   2.456
     -12.755   1.302
     -11.394   2.864
     -11.215   3.770
     -10.259   1.974
     -10.069   1.674
      -8.974   2.604
      -8.909   3.647
      -9.095   2.691
      -7.747   1.698
      -7.942   0.630
      -7.590   1.778
      -6.505   2.066
      -6.516   2.292
      -5.458   2.179
      -4.614   2.424
      -5.517   2.039
     -10.596   0.646
     -10.225  -0.450
     -11.203   0.820
     -11.396   1.728
     -11.631  -0.237
     -10.761  -0.835
     -12.220   0.260
     -13.049   0.971
     -12.685  -0.594
     -11.193   0.952
     -10.500   0.199
     -10.613   1.706
     -11.835   1.668
     -13.106   1.773
     -11.015   2.119
     -12.642  -1.160
     -12.491  -2.340
     -13.626  -0.627
     -13.732   0.367
     -14.593  -1.370
     -15.144  -2.083
     -15.706  -0.497
     -16.279   0.063
     -15.254   0.243
     -16.422  -1.128
     -13.853  -2.197
     -14.148  -3.369
     -12.920  -1.561
     -12.691  -0.589
     -12.127  -2.353
     -12.861  -2.852
     -11.245  -1.447
     -10.903  -0.601
     -10.338  -1.988
     -12.022  -0.905
     -12.262   0.499
     -11.861   1.164
     -13.048   1.075
     -13.273   2.131
     -13.510   0.239
     -14.161   0.802
     -14.346   0.096
     -12.506  -1.769
     -12.356  -2.837
     -13.238  -1.201
     -13.602  -1.842
     -11.241  -3.465
     -11.230  -4.534
     -10.538  -3.147
     -10.526  -2.219
      -9.748  -4.098
      -8.983  -4.456
      -9.019  -3.494
      -9.748  -2.848
      -8.743  -4.307
      -7.804  -2.666
      -8.691  -3.275
      -7.430  -1.757
      -6.513  -1.160
      -8.258  -1.055
      -7.243  -2.395
      -6.607  -3.695
      -5.698  -3.128
      -6.325  -4.363
      -6.921  -4.325
     -10.564  -5.311
     -10.090  -6.478
     -11.764  -5.060
     -12.182  -4.164
     -12.589  -6.187
     -11.947  -6.821
     -13.753  -5.761
     -13.551  -4.714
     -14.681  -5.719
     -14.184  -6.424
     -14.147  -6.383
     -15.698  -6.226
     -15.984  -6.777
     -15.929  -5.150
     -16.322  -6.606
     -13.461  -7.806
     -13.890  -8.152
     -13.601  -8.620
     -12.371  -7.646
     -13.096  -7.037
     -13.039  -8.234
     -13.617  -6.371
     -13.752  -5.380
     -14.026  -7.071
     -14.849  -7.741
     -14.624  -6.049
     -15.458  -5.482
     -13.854  -5.317
     -15.022  -6.568
     -12.882  -7.961
     -13.117  -9.063
     -11.676  -7.411
     -11.558  -6.493
     -10.426  -8.036
     -10.642  -8.393
      -9.324  -6.986
      -9.722  -6.085
      -8.993  -6.665
      -8.077  -7.350
      -7.911  -8.558
      -8.683  -9.315
      -6.737  -8.757
      -6.635  -9.645
      -5.681  -7.766
      -4.786  -7.890
      -7.048  -6.448
      -7.121  -5.552
      -5.833  -6.664
      -5.031  -5.940
     -10.064  -9.221
      -9.916 -10.324
      -9.994  -9.079
     -10.095  -8.221
      -9.761 -10.211
      -8.770 -10.584
      -9.835  -9.869
      -9.148  -9.013
     -10.856  -9.503
      -9.451 -11.044
     -10.164 -11.875
      -8.425 -11.399
      -9.528 -10.706
      -9.119 -11.545
     -10.038  -9.653
     -10.772 -11.386
     -10.386 -12.528
     -12.051 -11.059
     -12.337 -10.103
     -13.134 -12.022
     -13.006 -12.841
     -14.501 -11.335
     -14.546 -10.410
     -15.314 -12.001
     -15.797 -10.218
     -16.525  -9.856
     -14.746 -10.975
     -15.794 -10.113
     -16.571  -9.598
     -14.726 -10.728
     -14.072 -11.310
     -13.166 -11.891
     -13.029 -12.605
     -13.288 -13.763
     -12.583 -11.797
     -12.346 -10.831
     -12.413 -12.344
     -13.322 -12.888
     -12.215 -11.207
     -13.113 -10.552
     -11.344 -10.567
     -12.052 -11.781
     -13.140 -12.312
     -14.103 -12.338
     -13.029 -12.843
     -13.906 -13.184
     -11.772 -12.950
     -11.748 -13.453
     -10.845 -13.397
     -10.766 -11.904
      -9.879 -11.590
     -10.630 -12.502
      -9.651 -12.597
     -11.237 -13.367
     -11.355 -14.434
     -10.120 -13.006
      -9.961 -12.078
      -9.016 -13.952
      -8.558 -14.168
      -7.791 -13.248
      -8.223 -12.722
      -6.793 -14.322
      -5.928 -13.848
      -7.257 -15.026
      -6.404 -14.902
      -7.208 -12.135
      -6.340 -11.661
      -6.867 -12.536
      -7.959 -11.340
      -9.470 -15.299
      -9.024 -16.338
     -10.324 -15.276
     -10.643 -14.425
     -10.853 -16.458
     -10.001 -17.056
     -11.886 -16.133
     -12.585 -15.366
     -12.484 -17.034
     -11.244 -15.564
     -10.065 -15.793
     -12.045 -14.849
     -11.623 -14.471
     -13.001 -14.698
     -11.655 -17.285
     -11.609 -18.481
     -12.425 -16.588
     -12.446 -15.590
     -13.300 -17.189
     -13.952 -17.929
     -14.068 -16.102
     -14.760 -15.594
     -13.356 -15.329
     -16.075 -17.229
     -16.616 -17.248
     -14.858 -16.632
     -16.507 -17.692
     -17.430 -18.266
     -15.645 -17.332
     -14.577 -16.712
     -13.690 -16.400
     -12.367 -17.932
     -12.672 -19.015
     -11.205 -17.346
     -10.949 -16.491
     -10.266 -17.880
     -10.834 -18.140
      -9.230 -16.811
      -8.872 -16.395
      -8.343 -17.289
      -9.852 -15.668
     -10.913 -15.528
      -9.343 -14.707
      -9.643 -16.035
      -9.808 -17.129
     -10.346 -15.486
      -8.287 -15.683
      -7.878 -14.967
      -7.597 -16.214
      -8.106 -17.190
      -7.568 -17.586
      -8.985 -17.574
      -6.401 -15.703
      -5.898 -16.010
      -6.145 -14.881
      -9.573 -19.161
      -9.181 -19.909
      -9.369 -19.401
      -9.606 -18.779
      -8.737 -20.682
      -8.534 -20.606
      -9.706 -21.928
      -9.890 -22.065
      -9.177 -22.844
     -11.043 -21.690
     -10.832 -21.597
     -11.483 -20.723
     -12.154 -22.734
     -11.883 -23.603
     -13.088 -22.290
     -12.421 -23.215
     -13.504 -23.140
     -11.854 -22.598
     -11.936 -24.693
     -12.078 -25.115
     -10.926 -24.727
     -12.477 -25.234
      -7.361 -20.896
      -7.169 -21.903
      -6.466 -19.897
      -6.652 -19.008
      -5.115 -20.053
      -5.249 -20.287
      -4.291 -18.778
      -4.430 -18.418
      -3.211 -19.011
      -5.599 -16.719
      -6.106 -16.639
      -4.649 -17.675
      -5.666 -15.841
      -6.324 -14.969
      -4.808 -16.213
      -4.165 -17.361
      -3.437 -17.882
      -4.323 -21.210
      -4.488 -21.532
      -3.446 -21.804
      -3.286 -21.507
      -2.627 -22.961
      -3.308 -23.602
      -2.038 -23.788
      -1.275 -24.493
      -2.835 -24.393
      -1.332 -22.849
      -0.092 -22.819
      -2.147 -22.036
      -1.724 -21.451
      -3.130 -22.058
      -1.476 -22.563
      -0.932 -23.427
      -1.060 -21.298
      -1.416 -20.568
      -0.002 -20.875
       0.622 -21.750
       0.977 -19.897
       1.977 -20.195
       1.010 -20.083
       1.829 -19.485
       1.185 -21.146
       0.052 -19.760
       0.753 -18.477
      -0.275 -18.153
       0.823 -18.435
       1.795 -17.530
       1.652 -16.497
       2.824 -17.858
       1.703 -17.499
      -0.521 -20.463
      -1.534 -19.805
       0.196 -20.891
       1.521 -21.509
       1.277 -22.433
       2.453 -21.041
      -0.331 -20.632
      -1.392 -20.848
       0.396 -21.626
      -0.145 -22.599
       0.476 -21.290
       1.689 -21.843
       2.156 -22.811
       2.381 -21.011
      -0.094 -19.133
       0.640 -18.371
      -0.884 -18.670
      -1.568 -19.250
      -0.823 -17.302
      -1.678 -17.187
       0.492 -17.058
       1.270 -16.667
       0.320 -16.270
       0.387 -18.877
      -0.517 -18.646
       1.028 -18.255
       1.103 -19.917
       0.818 -20.579
       2.175 -19.991
       2.150 -18.960
       2.947 -18.780
      -0.916 -16.254
      -0.207 -15.300
      -1.858 -16.404
      -2.572 -17.101
      -1.919 -15.586
      -0.925 -15.627
      -3.043 -16.066
      -3.011 -17.176
      -4.045 -15.791
      -2.905 -15.564
      -1.996 -16.197
      -1.396 -17.029
      -1.874 -15.721
      -1.234 -16.242
      -2.580 -14.615
      -2.456 -14.203
      -3.617 -14.506
      -4.290 -13.994
      -3.488 -14.019
      -4.089 -13.181
      -2.218 -14.116
      -1.569 -13.207
      -3.251 -13.890
      -3.790 -14.628
      -3.667 -12.584
      -3.978 -12.101
      -4.956 -12.585
      -5.760 -13.068
      -4.808 -13.211
      -5.490 -11.158
      -5.733 -10.727
      -5.528 -11.303
      -6.227  -9.460
      -6.450  -8.925
      -6.323  -9.016
      -5.890 -10.066
      -5.847  -9.861
      -5.485 -10.623
      -6.295  -8.639
      -6.264  -8.457
      -6.768  -7.810
      -7.090  -7.008
      -6.790  -7.645
      -7.198  -6.733
      -2.519 -11.692
      -2.372 -10.608
      -1.847 -12.118
      -2.105 -13.223
      -3.009 -12.759
      -2.296 -14.294
      -0.746 -11.293
      -1.127 -10.309
      -0.172 -12.033
      -0.753 -11.737
       0.900 -11.809
      -0.917 -13.107
      -0.860 -13.461
      -0.597 -13.925
       0.409 -11.152
       0.989 -10.103
       0.740 -12.228
       0.348 -13.134
       1.726 -12.140
       2.693 -11.929
       1.939 -13.516
       0.946 -14.020
       2.245 -13.340
       2.883 -14.312
       3.913 -14.042
       2.804 -14.069
       2.639 -15.751
       1.906 -16.118
       2.163 -15.856
       3.888 -16.572
       4.566 -16.308
       4.429 -16.396
       3.621 -18.113
       4.520 -18.634
       3.012 -18.410
       3.141 -18.324
       1.404 -11.010
       2.271 -10.196
       0.130 -10.881
      -0.601 -11.462
      -0.311  -9.860
       0.396  -9.869
      -1.745 -10.202
      -1.862 -11.305
      -2.447  -9.746
      -2.475  -9.968
      -1.780 -10.365
      -1.670 -10.031
      -2.341  -9.888
      -0.893  -9.237
      -1.168 -11.016
      -3.756 -10.824
      -4.340 -10.671
      -3.524 -11.905
      -4.398 -10.540
      -0.295  -8.439
      -0.075  -7.457
      -0.618  -8.349
      -0.981  -9.095
      -0.457  -7.082
      -1.023  -6.337
      -1.054  -7.160
      -0.548  -8.004
      -0.778  -6.240
      -2.557  -7.385
      -2.804  -8.247
      -3.339  -6.146
      -4.431  -6.351
      -3.158  -5.262
      -3.018  -5.893
      -3.036  -7.723
      -4.138  -7.866
      -2.573  -8.656
      -2.788  -6.900
       1.033  -6.622
       1.275  -5.472
       1.975  -7.546
       1.767  -8.516
       3.364  -7.242
       3.542  -6.495
       4.187  -8.470
       3.827  -9.289
       5.249  -8.287
       4.080  -8.961
       4.723  -8.334
       3.032  -8.851
       4.594 -10.704
       6.278 -10.813
       6.650 -11.856
       6.416 -10.498
       6.916 -10.163
       3.770  -6.633
       4.586  -5.758
       3.175  -7.106
       2.535  -7.871
       3.391  -6.573
       4.462  -6.482
       2.679  -7.441
       1.605  -7.517
       2.706  -6.891
       3.208  -8.855
       2.732  -9.536
       2.908  -9.209
       4.704  -8.936
       5.171  -8.231
       4.966  -8.583
       5.183 -10.294
       4.593 -11.015
       5.089 -10.580
       6.650 -10.409
       6.985 -11.382
       7.219  -9.753
       6.752 -10.163
       2.790  -5.168
       3.368  -4.377
       1.631  -4.874
       1.034  -5.538
       1.163  -3.479
       0.978  -3.139
      -0.271  -3.244
      -0.203  -3.651
      -0.642  -1.798
      -1.649  -1.686
       0.072  -1.229
      -0.671  -1.337
      -1.415  -4.032
      -2.367  -3.785
      -1.535  -3.805
      -1.249  -5.124
       2.244  -2.545
       2.462  -1.460
       2.863  -2.935
       2.596  -3.759
       3.954  -2.218
       3.572  -1.226
       4.453  -2.809
       4.962  -3.771
       3.309  -3.099
       3.668  -3.450
       5.570  -1.904
       5.974  -2.423
       6.419  -1.701
       5.145  -0.930
       5.110  -2.045
       5.641  -0.927
       5.500  -3.106
       5.125  -4.030
       6.596  -2.959
       7.450  -2.558
       6.956  -4.283
       6.057  -4.692
       7.741  -4.126
       7.458  -5.368
       8.053  -5.084
       7.362  -6.536
       6.232  -1.922
       7.095  -1.198
       5.017  -1.970
       4.339  -2.662
       4.570  -1.016
       5.237  -1.106
       3.159  -1.365
       2.548  -1.609
       2.697  -0.457
       3.191  -2.551
       3.084  -1.699
       1.755  -3.198
       1.737  -4.032
       1.460  -3.599
       1.000  -2.445
       3.750  -1.970
       3.822  -2.781
       3.086  -1.183
       4.763  -1.535
       4.671   0.471
       5.105   1.391
       4.235   0.709
       3.805  -0.007
       4.374   2.072
       3.861   2.804
       3.638   2.272
       4.233   1.707
       3.696   3.341
       2.237   1.680
       2.132   1.495
       2.171   0.677
       0.968   2.302
       1.160   3.345
       0.231   2.329
       0.385   1.564
       1.060   1.202
      -0.906   1.297
      -1.889   1.703
      -2.839   1.509
      -1.615   2.313
      -1.192   0.595
      -2.119   0.292
      -0.423   0.229
       5.849   2.498
       6.104   3.623
       6.769   1.608
       6.544   0.676
       8.215   1.918
       8.337   2.801
       9.025   0.755
       8.886  -0.121
      10.109   1.004
       8.613   0.332
       8.649   1.206
       7.568  -0.047
       9.596  -0.960
      11.205  -0.167
      11.937  -0.839
      11.610   0.096
      11.139   0.767
       8.757   2.251
       9.650   3.148
       8.285   1.484
       7.650   0.723
       8.689   1.728
       9.768   1.813
       8.086   0.610
       7.044   0.444
       7.995   1.180
       7.439   0.492
       7.457   2.151
       9.006   1.342
       8.852  -0.721
       9.896  -0.609
       8.913  -0.952
       8.225  -2.007
       8.820  -2.913
       7.181  -2.173
       8.219  -1.890
       8.118   3.120
       8.855   3.915
       6.878   3.431
       6.309   2.786
       6.238   4.767
       5.271   4.816
       6.208   4.914
       7.147   5.893
       7.436   6.912
       7.593   5.676
       7.424   4.822
       8.367   6.670
       7.908   7.649
       8.474   6.350
       7.454   6.306
       8.968   5.371
       9.043   7.141
       9.740   6.799
      10.286   7.915
      10.338   5.664
       9.976   4.742
      11.651   5.724
      12.281   6.298
      12.185   4.268
      12.253   3.837
      11.442   3.645
      13.841   4.159
      13.990   2.837
      11.611   6.457
      12.505   7.255
      10.565   6.209
       9.865   5.540
      10.349   6.899
      11.243   6.766
       9.166   6.346
       9.357   5.278
       8.269   6.370
       9.614   6.904
      10.308   6.202
       8.895   7.099
       9.159   7.720
       9.587   7.794
       8.125   8.381
       7.970   8.031
       7.237   8.494
      10.146   8.428
      10.708   9.202
       9.350   8.845
       8.910   8.231
       9.091  10.277
       8.690  10.743
       8.079  10.556
       7.103  10.084
       8.437  10.127
       7.908  11.646
      10.399  10.974
      10.629  12.117
      11.210  10.342
      10.958   9.487
      12.557  10.841
      12.404  11.852
      13.183   9.928
      13.313   8.920
      14.197  10.294
      12.347   9.815
      12.671   9.068
      13.516  10.924
      14.281  11.936
      13.522   9.872
      12.973   9.059
      14.342   9.855
      15.358  10.110
      14.305   8.508
      14.322   7.719
      13.330   8.395
      15.541   8.474
      15.532   9.373
      16.446   8.579
      15.841   7.290
      15.243   6.418
      15.593   7.487
      17.202   7.225
      17.418   6.997
      18.343   7.365
      18.764   6.981
      19.693   7.157
      18.135   6.402
      19.233   7.619
      20.161   7.848
      18.892   7.778
      13.868  10.947
      14.673  11.568
      12.568  11.143
      11.887  10.670
      12.021  12.072
      12.450  11.810
      10.510  11.868
      10.304  10.824
      10.023  12.008
       9.845  12.778
       9.622  12.336
       9.914  11.333
       9.015  13.175
       8.809  12.782
       8.700  14.484
       8.284  15.166
       9.485  14.091
       9.664  14.464
       8.923  14.916
       8.643  15.930
      12.450  13.516
      12.719  14.304
      12.566  13.854
      12.342  13.254
      13.040  15.159
      12.384  15.876
      13.024  15.350
      13.586  14.495
      13.602  16.266
      11.625  15.402
      12.652  15.542
      11.709  15.651
      10.691  15.733
      12.241  14.815
      12.256  16.593
      10.687  16.462
       9.686  16.446
      11.094  17.487
      10.554  16.243
      14.457  15.424
      14.776  16.547
      15.315  14.421
      15.095  13.560
      16.645  14.509
      17.078  15.418
      17.461  13.288
      16.885  12.362
      18.404  13.221
      18.027  12.190
      18.063  11.252
      17.786  13.325
      18.321  12.535
      18.576  11.820
      18.258  13.853
      17.931  14.377
      17.793  15.437
      16.685  14.618
      17.494  15.331
      15.790  13.913
      15.108  13.316
      15.734  13.962
      16.701  13.673
      14.578  13.073
      13.666  13.320
      14.355  13.367
      14.775  11.510
      15.617  11.199
      15.027  11.210
      13.167  10.819
      12.918   9.093
      11.954   8.668
      13.733   8.415
      12.907   9.089
      15.485  15.430
      16.048  15.917
      14.609  16.115
      14.168  15.739
      14.219  17.485
      14.054  17.468
      12.933  17.869
      12.926  17.340
      12.958  18.957
      11.726  17.532
      11.794  17.943
      11.654  16.424
      10.520  18.162
      10.608  19.271
       9.577  17.879
      10.535  17.622
      10.211  16.558
      11.558  17.696
       9.609  18.410
       9.644  18.034
       9.899  19.409
       8.636  18.339
      15.234  18.550
      15.222  19.615
      16.065  18.305
      15.898  17.571
      17.267  19.082
      17.001  20.131
      17.958  18.719
      18.132  17.615
      19.337  19.445
      19.778  19.206
      20.066  19.124
      19.211  20.547
      17.020  19.030
      17.529  18.810
      16.723  20.101
      16.098  18.413
      18.266  18.868
      18.891  19.830
      18.467  17.613
      17.966  16.800
      19.496  17.361
      20.371  17.925
      19.902  15.869
      18.974  15.253
      20.354  15.665
      20.882  15.383
      20.325  15.268
      21.347  14.414
      22.023  16.306
      22.841  16.759
      22.175  16.471
      19.113  17.824
      19.959  18.278
      17.855  17.621
      17.124  17.420
      17.435  17.677
      18.353  17.862
      16.876  16.260
      17.703  15.533
      16.081  15.989
      16.277  16.083
      15.959  14.790
      16.460  18.766
      15.549  19.033
      16.541  19.286
      17.323  18.880
      18.380  19.148
      17.248  17.807
      15.559  20.330
      15.577  21.097
      16.090  20.958
      16.842  21.741
      15.285  21.412
      16.780  19.779
      17.555  20.089
      16.017  19.151
      14.124  19.789
      13.868  18.524
      13.186  20.730
      13.395  21.691
      11.732  20.409
      11.619  19.646
      10.849  21.706
      10.831  22.314
      11.491  22.461
      10.915  23.215
       9.535  21.305
       8.872  22.187
       9.018  20.581
       9.668  20.829
      11.235  19.796
      10.372  18.970
      11.807  20.212
      12.562  20.862
      11.398  19.768
      10.353  20.026
      12.082  20.593
      11.489  20.447
      12.026  21.681
      13.520  20.202
      14.169  20.606
      13.632  19.100
      14.124  20.774
      13.724  20.334
      15.062  21.617
      11.517  18.250
      10.864  17.668
      12.371  17.614
      12.973  18.093
      12.497  16.150
      12.505  15.835
      13.887  15.648
      13.990  16.009
      13.872  14.537
      15.113  16.102
      14.247  15.635
      16.366  15.558
      17.276  15.836
      16.459  15.972
      16.325  14.450
      15.031  15.693
      15.931  16.053
      14.977  14.594
      14.134  16.146
      11.342  15.458
      11.204  14.277
      10.503  16.161
      10.501  17.156
       9.459  15.469
       9.605  14.401
       9.436  15.860
       9.191  16.941
       8.649  15.299
      10.771  15.688
      11.833  16.582
      11.739  17.394
      13.080  16.457
      13.895  17.140
      13.221  15.467
      14.130  15.374
      10.922  14.719
      10.121  14.018
      12.191  14.611
      12.304  13.838
       8.097  15.809
       7.835  16.959
       7.290  14.774
       7.654  13.352
       8.217  14.227
       8.356  12.538
       5.917  15.010
       5.901  15.579
       5.372  13.584
       5.673  13.282
       4.268  13.521
       6.651  12.830
       6.455  11.936
       7.190  12.525
       5.127  15.786
       5.364  15.569
       4.321  16.791
       4.116  17.255
       5.141  17.633
       4.070  16.822
       3.568  17.608
       4.249  18.303
       2.568  18.376
       3.064  19.290
       1.650  18.674
       3.099  18.391
       2.708  19.226
       2.867  17.423
       2.830  16.812
       2.895  17.162
       2.158  15.718
       2.113  15.357
       1.426  14.957
       0.798  15.666
       0.519  13.849
      -0.013  14.339
       1.175  13.074
      -0.559  13.147
       0.022  13.721
      -1.456  14.104
      -2.234  13.563
      -0.881  14.746
      -1.965  14.760
      -1.422  12.064
      -2.152  11.596
      -1.995  12.510
      -0.769  11.263
       2.326  14.283
       1.882  14.128
       3.521  13.833
       3.814  13.970
       4.507  13.106
       4.005  12.293
       5.715  12.572
       5.306  11.846
       6.170  13.405
       6.838  11.827
       6.576  10.834
       5.553  10.597
       7.587  10.128
       7.335   9.397
       8.950  10.371
       9.747   9.818
       8.194  12.088
       8.430  12.863
       9.250  11.338
      10.279  11.518
       4.922  14.154
       4.910  13.852
       5.281  15.379
       5.349  15.635
       5.611  16.466
       6.463  16.119
       5.870  17.736
       5.066  17.827
       5.745  18.605
       7.215  17.811
       6.254  17.809
       7.218  19.071
       8.199  19.207
       6.427  19.032
       7.032  19.958
       8.365  17.788
       9.344  17.824
       8.321  18.655
       8.331  16.857
       4.475  16.750
       4.698  16.824
       3.276  16.971
       3.081  17.014
       2.072  17.180
       2.216  18.145
       0.813  17.064
       1.070  16.535
       0.075  16.414
       0.227  18.336
       0.437  19.049
       0.634  18.742
      -1.260  18.201
      -1.736  17.827
      -1.923  18.464
       1.857  16.157
       1.632  16.485
       1.851  14.899
       1.955  14.638
       1.693  13.800
       0.713  13.917
       1.581  12.406
       2.356  12.411
       1.839  11.334
       1.732  10.347
       2.870  11.387
       1.118  11.371
       0.205  12.237
       0.073  11.263
      -0.485  12.267
      -0.094  13.036
       2.719  13.765
       2.351  13.531
       3.989  13.977
       4.257  14.382
       5.121  13.635
       4.693  13.046
       6.168  12.689
       6.481  13.143
       7.083  12.578
       5.582  11.349
       5.369  10.944
       5.672  11.591
       4.729   9.644
       4.628   9.330
       4.262   8.818
       3.780   7.872
       5.109  10.533
       5.210  10.854
       4.448   9.254
       4.097   8.634
       5.756  14.862
       6.776  14.773
       5.103  15.986
       4.348  15.956
       5.356  17.330
       6.035  17.736
       4.086  18.162
       3.257  17.484
       3.795  18.568
       4.258  19.286
       4.851  20.107
       4.772  18.917
       2.913  19.865
       2.885  20.695
       1.899  19.451
       5.945  17.636
       6.933  18.444
       5.310  17.118
       4.667  16.357
       5.527  17.675
       6.465  18.216
       6.758  18.626
       7.002  18.963
       7.641  18.100
       6.410  19.824
       5.962  19.564
       6.531  20.968
       5.687  16.621
       6.191  15.528
       5.278  16.942
       4.776  17.790
       5.504  16.139
       5.128  15.133
       7.015  16.175
       7.529  15.467
       7.425  17.185
       7.428  15.792
       6.849  16.387
       7.226  14.719
       8.903  16.087
       9.673  15.225
       9.355  17.331
      10.324  17.492
       8.724  18.043
       4.622  16.818
       3.528  16.358
       5.045  18.022
       5.990  18.224
       4.146  19.147
       3.114  18.889
       4.271  19.827
       4.044  19.066
       5.327  20.137
       3.324  21.046
       3.357  21.683
       2.281  20.714
       3.771  21.918
       3.002  22.057
       4.896  22.468
       4.624  20.030
       4.303  19.790
       7.517  20.119
       7.166  19.326
       8.246  20.398
       5.548  20.954
       5.560  21.417
       6.603  21.362
       6.152  21.672
       7.447  22.480
       7.997  22.059
       8.456  22.982
       9.053  23.826
       9.170  22.186
       7.928  23.342
       6.531  23.633
       7.134  24.476
       5.918  24.012
       5.846  23.299
                                                        
